@v_choice
$Dim[64]
#
%0.010271797393143437,0.000010929849105626068,0.000010929849105626068,0.00016615785733952538,0.01880887145579605,0.035869961687216664,0.0010894902236946447,0.007193531643051405,0.0020631033579131875,0.05379947760627224,0.01448464719885003,0.008363636355550543,0.05662796933827517,0.002657153584146962,0.000010929849105626068,0.012323970906024682,0.00011893898114812929,0.000010929849105626068,0.06978400405443642,0.01448464719885003,0.011029292261611522,0.004583196095914769,0.008969865784204719,0.07237704831758285,0.024421146687032318,0.009623269223893368,0.008363636355550543,0.0001185847121007869,0.000010929849105626068,0.04245851990737468,0.03645633766607137,0.008545182174300007,0.06924478826731462,0.018696550585264263,0.037551777481254614,0.012600782910996117,0.003467218585356729,0.000010929849105626068,0.000010929849105626068,0.000010929849105626068,0.006491477771655821,0.00011795942120164301,0.00011887371603272232,0.000010929849105626068,0.02712128805118279,0.011027860151875672,0.008363636355550543,0.000010929849105626068,0.014248235248865562,0.031225569009389102,0.000010929849105626068,0.000010929849105626068,0.13145835799325808,0.0009479543708097417,0.000010929849105626068,0.029173395500581498,0.002711158150168207,0.007193531643051402,0.000010929849105626068,0.007031529364116345,0.04031896779477319,0.0030145482792240576,0.002657153584146962,0.000010929849105626068
@j_choice
$Dim[64,7]
#[v_choice,0]
%0.011074749793331512,0.3261132828400785,0.08427293006508656,0.1683938509402318,0.010266793610614212,0.2840601173106915,0.11581827543996584
#[v_choice,1]
%0.14285714285714285,0.14285714285714285,0.14285714285714285,0.14285714285714285,0.14285714285714285,0.14285714285714285,0.14285714285714285
#[v_choice,2]
%0.14285714285714285,0.14285714285714285,0.14285714285714285,0.14285714285714285,0.14285714285714285,0.14285714285714285,0.14285714285714285
#[v_choice,3]
%0.2739002012635498,0.009397130184217268,0.009397130175426337,0.009397130175426337,0.3455890286523667,0.009397130175426337,0.3429222493735873
#[v_choice,4]
%0.009620541004715252,0.1605642671058724,0.17239760241627064,0.15516125194158728,0.008150409883473068,0.3217273890910037,0.17237853855707774
#[v_choice,5]
%0.025535268856578478,0.18668614494747351,0.03617709444020877,0.424612913450596,0.02277734629176054,0.19576700782533418,0.10844422418804851
#[v_choice,6]
%0.0014331537641470928,0.10020431403817007,0.4969303904625161,0.10043653830648867,0.0014331537641470928,0.298129295900384,0.0014331537641470928
#[v_choice,7]
%0.00908493409176929,0.07837509449567415,0.18039414560141662,0.08279822287833233,0.01078706540967486,0.3230343398726181,0.3155261976505147
#[v_choice,8]
%0.0007568244262220526,0.10546232221742693,0.21016782000863168,0.0007568244262220526,0.0007568244262220526,0.31487331779969296,0.36722606669558233
#[v_choice,9]
%0.021603941749735997,0.18721697714046318,0.11847884925893135,0.18071519850999815,0.018127681450071254,0.26102016599180555,0.21283718589899456
#[v_choice,10]
%0.015524170048983647,0.21500851794312167,0.04857700402592555,0.36176264818449055,0.015865137895410462,0.2051698253118543,0.13809269659021373
#[v_choice,11]
%0.023185525697763058,0.14139936947472312,0.12502333269181043,0.1895940267226544,0.02538249387010788,0.27999295633318716,0.21542229520975395
#[v_choice,12]
%0.00826887583605973,0.2444261956575444,0.06683031459756097,0.3034489218876098,0.008667672005178163,0.22901156482865073,0.13934645518739613
#[v_choice,13]
%0.0005876239237374394,0.1225329258666596,0.16318135984762966,0.06156027491370002,0.0005876239237374394,0.44772039771885214,0.2038297938056837
#[v_choice,14]
%0.14285714285714285,0.14285714285714285,0.14285714285714285,0.14285714285714285,0.14285714285714285,0.14285714285714285,0.14285714285714285
#[v_choice,15]
%0.006658965764179548,0.10260928692123585,0.21923045166894245,0.0790040485010519,0.005045790113147952,0.4208059062067199,0.1666455508247225
#[v_choice,16]
%0.01312779880924679,0.9212332071445196,0.01312779880924679,0.01312779880924679,0.01312779880924679,0.01312779880924679,0.01312779880924679
#[v_choice,17]
%0.14285714285714285,0.14285714285714285,0.14285714285714285,0.14285714285714285,0.14285714285714285,0.14285714285714285,0.14285714285714285
#[v_choice,18]
%0.02277867413628204,0.21459925161650337,0.0944247334000387,0.2430212404725671,0.024261224688903,0.22909136682906636,0.17182350885663947
#[v_choice,19]
%0.015524170048983647,0.21500851794312167,0.04857700402592555,0.36176264818449055,0.015865137895410462,0.2051698253118543,0.13809269659021373
#[v_choice,20]
%0.011663687416722149,0.19134811551666892,0.0589087699238103,0.33319208318112925,0.01287185908115035,0.20579329288068837,0.18622219199983056
#[v_choice,21]
%0.0003406808223809577,0.13996240877480326,0.16096959847422626,0.047608226997988445,0.0003406808223809577,0.461919917182659,0.1888584869255612
#[v_choice,22]
%0.0014016885418841076,0.13020428732720066,0.21681968742858937,0.06019930780593931,0.001206089358218926,0.34923263395306336,0.24093630558510437
#[v_choice,23]
%0.018638836283191726,0.18395222556205845,0.0985141600488307,0.046283243161411344,0.01385888646666517,0.3193763244992184,0.3193763239786243
#[v_choice,24]
%0.00020994819634725622,0.20757418458797144,0.06198272648530474,0.3494650687343888,0.00027941002263588704,0.23447078594884993,0.14601787602450184
#[v_choice,25]
%0.0222577567373358,0.23665905168582452,0.08995222343527064,0.26951789710887486,0.0221540522907962,0.2583084120887409,0.10115060665315717
#[v_choice,26]
%0.023185525697763058,0.14139936947472312,0.12502333269181043,0.1895940267226544,0.02538249387010788,0.27999295633318716,0.21542229520975395
#[v_choice,27]
%0.013167017800425871,0.013167017800425871,0.920997893197445,0.013167017800425871,0.013167017800425871,0.013167017800425871,0.013167017800425871
#[v_choice,28]
%0.14285714285714285,0.14285714285714285,0.14285714285714285,0.14285714285714285,0.14285714285714285,0.14285714285714285,0.14285714285714285
#[v_choice,29]
%0.00812471163690054,0.2197648461993225,0.1068794962795603,0.24933645619772069,0.008801064439196952,0.2315293315358349,0.17556409371146425
#[v_choice,30]
%0.01360358731507438,0.240107953960196,0.047438829688422245,0.2056614614643727,0.01601282540931441,0.21174900953880604,0.26542633262381427
#[v_choice,31]
%0.003593075940862019,0.18202953471526165,0.1139647862965944,0.26563499118934236,0.004568784573570207,0.2657091339705816,0.16449969331378772
#[v_choice,32]
%0.007531003554651291,0.12093192502012882,0.1544443379445811,0.09205125205446335,0.007308784245462338,0.3759384945710522,0.24179420260966092
#[v_choice,33]
%0.0003054564691935368,0.21343666364446862,0.0867382368124452,0.3351481899667961,0.00025588971872408055,0.20805389700030072,0.15606166638807178
#[v_choice,34]
%0.019250019872814227,0.24747004440717976,0.057573987677019274,0.20309930510832738,0.018165010646297997,0.2230757294976941,0.23136590279066704
#[v_choice,35]
%0.021170478552359744,0.25939349117150734,0.04298201899971013,0.3001307099710472,0.02903687703955593,0.20584289391324867,0.14144353035257096
#[v_choice,36]
%0.015142654763050722,0.2169528153689444,0.06275336915732935,0.3742683332128597,0.01846736991736308,0.28081372107193076,0.03160173650852186
#[v_choice,37]
%0.14285714285714285,0.14285714285714285,0.14285714285714285,0.14285714285714285,0.14285714285714285,0.14285714285714285,0.14285714285714285
#[v_choice,38]
%0.14285714285714285,0.14285714285714285,0.14285714285714285,0.14285714285714285,0.14285714285714285,0.14285714285714285,0.14285714285714285
#[v_choice,39]
%0.14285714285714285,0.14285714285714285,0.14285714285714285,0.14285714285714285,0.14285714285714285,0.14285714285714285,0.14285714285714285
#[v_choice,40]
%0.008296512649423146,0.20012296679864525,0.18326518264872238,0.0501563458937443,0.00860397609685579,0.3163740193995026,0.2331809965131065
#[v_choice,41]
%0.013236814823127413,0.013236814823127413,0.013236814823127413,0.013236814823127413,0.013236814823127413,0.013236814823127413,0.9205791110612355
#[v_choice,42]
%0.01313500635128771,0.9211899618923217,0.013135006351274745,0.013135006351274745,0.013135006351291762,0.013135006351274745,0.013135006351274745
#[v_choice,43]
%0.14285714285714285,0.14285714285714285,0.14285714285714285,0.14285714285714285,0.14285714285714285,0.14285714285714285,0.14285714285714285
#[v_choice,44]
%0.004491211030822896,0.11386696690583242,0.2390044793041237,0.02395226198266754,0.005272873460796747,0.3943199695818588,0.2190922377338979
#[v_choice,45]
%0.012961346101163075,0.1899937507718792,0.13726044464546608,0.12746620586513843,0.012942193867883025,0.30376194391691996,0.21561411483155016
#[v_choice,46]
%0.023185525697763058,0.14139936947472312,0.12502333269181043,0.1895940267226544,0.02538249387010788,0.27999295633318716,0.21542229520975395
#[v_choice,47]
%0.14285714285714285,0.14285714285714285,0.14285714285714285,0.14285714285714285,0.14285714285714285,0.14285714285714285,0.14285714285714285
#[v_choice,48]
%0.012277441124883132,0.18778331640678333,0.07575836587749674,0.30272125150901213,0.012627603863347402,0.26502078896434367,0.14381123225413375
#[v_choice,49]
%0.007720257478427726,0.23282242015260873,0.04155796139808076,0.45663742224267806,0.005196132726759142,0.15570490349334182,0.10036090250810369
#[v_choice,50]
%0.14285714285714285,0.14285714285714285,0.14285714285714285,0.14285714285714285,0.14285714285714285,0.14285714285714285,0.14285714285714285
#[v_choice,51]
%0.14285714285714285,0.14285714285714285,0.14285714285714285,0.14285714285714285,0.14285714285714285,0.14285714285714285,0.14285714285714285
#[v_choice,52]
%0.018551205182460444,0.15140073067844267,0.10271467803414208,0.2571803081907806,0.021522103225186107,0.23581750441689767,0.21281347027209055
#[v_choice,53]
%0.0016471330932898022,0.1241743025709015,0.13737277062180447,0.34281246862920794,0.0016471330932898022,0.3905918907487937,0.0017543012427128544
#[v_choice,54]
%0.14285714285714285,0.14285714285714285,0.14285714285714285,0.14285714285714285,0.14285714285714285,0.14285714285714285,0.14285714285714285
#[v_choice,55]
%0.0017152221727979372,0.048518946918083956,0.09631374037568467,0.28883417919331383,0.0017588212215942586,0.2777272283206606,0.2851318617978648
#[v_choice,56]
%0.048585861817231395,0.08530187438223669,0.3591246033866417,0.0005759188245778154,0.06703373391985613,0.3192858606575238,0.12009214701193244
#[v_choice,57]
%0.00908493409176927,0.0783750944956747,0.1803941456014175,0.08279822287833283,0.010787065409674845,0.32303433987261543,0.3155261976505153
#[v_choice,58]
%0.14285714285714285,0.14285714285714285,0.14285714285714285,0.14285714285714285,0.14285714285714285,0.14285714285714285,0.14285714285714285
#[v_choice,59]
%0.01546516146996644,0.1455539314890719,0.09238618823648362,0.0923864235135142,0.008615265210230316,0.4764033993687638,0.16918963071196969
#[v_choice,60]
%0.035322318058566934,0.1907587700257055,0.05365010115359978,0.32169256556086845,0.036685384083238765,0.19836792407792564,0.16352293704009488
#[v_choice,61]
%0.01251509883059125,0.26062345190221253,0.14337978443762006,0.10546671797766348,0.01342442869457183,0.35756580017854617,0.10702471797879456
#[v_choice,62]
%0.0005876239237374394,0.1225329258666596,0.16318135984762966,0.06156027491370002,0.0005876239237374394,0.44772039771885214,0.2038297938056837
#[v_choice,63]
%0.14285714285714285,0.14285714285714285,0.14285714285714285,0.14285714285714285,0.14285714285714285,0.14285714285714285,0.14285714285714285
@v_3_del
$Dim[64,21]
#[v_choice,0]
%0.0041295872973768945,0.00014070894422981445,0.015927099622760333,0.0921684799736201,0.04317489776091097,0.1396714097265347,0.0944072049141862,0.21068759303999604,0.14149850955282378,0.07300899075357353,0.017141215431219006,0.07171475032908854,0.01178652739158843,0.000009991528686519335,0.0000000000028420705156200466,0.011870038778317908,0.035027614341028655,0.02677255410162632,0.0000016284959110303302,0.00000000006392117807005326,0.010861197949757914
#[v_choice,1]
%0,0,0,0,0,0,0,0,0,0,0,0,0,0,0,0,0,0,0,0,0
#[v_choice,2]
%0,0,0,0,0,0,0,0,0,0,0,0,0,0,0,0,0,0,0,0,0
#[v_choice,3]
%0,0,0.00000000000000000000000000000009440305622464713,0.0000000000000000000000000000001095242074410725,0.0000000000000000000000015696638237085665,0.0000000000000000000000000028041807826766003,0.00000000000000000000000000009959091332599292,0.0000000000000000000000000015844430940065585,0.00000000000000000000000000005975992876238776,0.000000000000000000000000000011794811337181576,0.00000000000000000000000013124183754270573,0.000000000000000000000000026902373048032803,0.000000000000000000000000000000009713137450092095,0.00000000000000000000006989234668361368,0.0000000000000000000000000000006316083432382234,0.000000000000000000000000000000000000010451334712008544,0,0,0.00000000000000000000000000000028251104354343964,0.00011949682161489779,0.9998805031783851
#[v_choice,4]
%0.0000336232640480195,0.014141100915363261,0.007701073270893454,0.04814573118288829,0.017188777500963176,0.23332164872319502,0.06139775335993035,0.27870359609529344,0.09788731503455958,0.010440307058646521,0.0629025976920042,0.02873076758060527,0.08512805194121142,0.00000000002000314312812502,0.005483482739440074,0.00000000010910043188937188,0.011083295745052481,0.00000008452552138322948,0.01787431001057527,0.000000007446315437933988,0.0198364757843899
#[v_choice,5]
%0.0000000000000000000000000000054251151390962896,0.0005862975047254276,0.0039724983253303136,0.06182969530654318,0.026207952892640957,0.01665705060281945,0.03164138886910055,0.15039314003703538,0.1421186685757612,0.11744906085727817,0.1719010021335582,0.08032163614242775,0.038563869100338787,0.01953278483915095,0.014490566613561783,0.009591836882419701,0.004914486465240641,0.014691199876783028,0.014833364876809968,0.008162140436770974,0.0721413596617037
#[v_choice,6]
%0,0,0.00000000000000000000000000000005401970100953095,0.000000000000000000000000000005518146193220472,0.000000784085036035098,0.00023472080931418737,0.22209304159728005,0.5477325098395838,0.006591827154028654,0.12335343663525782,0.00000004756878472420242,0.0000000000000000370843641997945,0.00000000000000000000001441235230273638,0.00000000000000000000000000000000054390183707328815,0.000000000000000000000000000000000000000000000000000000000000000000000000000000000000002101229232863271,0,0.00000000000000000000000000000000014527740300669,0.000000000000000000000000000001936836028992207,0.09999362824684226,0.000000004063872599641177,0.00000000000000010025188658858314
#[v_choice,7]
%0.000000000000000000000000016595754528282586,0.007103775821594262,0.00005337597991093487,0.0009157282324481314,0.00799750157567674,0.3501565360331716,0.04379545843216395,0.2899442851798793,0.07197287146395949,0.07565279145411952,0.06128433284883466,0.0017916453290920274,0.020785414116038244,0.008386980129750702,0.0000000030613979483867236,0.0000000000000000009859679506079934,0.006693550752250402,0.0000007508431821396735,0.012554364100660902,0.016502280518772134,0.024408354127096882
#[v_choice,8]
%0,0.05082779108889836,0.00000014468463616164158,0.000000008830663150447552,0.00000000000005871405539871271,0.10119671126153171,0.005544602173494661,0.506800356686005,0.17753225441279516,0.0007507529207745973,0.0000004325278950026699,0.1573458298875101,0.0000011155235301622227,0.0000000000022070401659528917,0.00000000000000000000011759015109447712,0.000000000000000000000000000008765280270721574,0.0000000000000000000000000000000000000000139819658883909,0.00000000000000000000000000000000000000000000000000014508866871357893,0.00000000000000000000000000000000000000000000000000000000000000350692584892382,0.0000000000000000000000000000000000000000000000000000000000000000000000000033022573871871087,0
#[v_choice,9]
%0.0014168462195238848,0.0021884122588680917,0.000012106751726098526,0.04292632385032626,0.01075548489222435,0.11880329045599372,0.12422055205358067,0.1903653675444937,0.15470950505379008,0.061953639306984234,0.1852488325876284,0.0191669571964674,0.028617430548552963,0.012785495114626368,0.008609362394099283,0.000039911192972124416,0.000000000006038920171608793,0.008949261335235091,0.00440287743906534,0.0038211719709476083,0.021007171826855565
#[v_choice,10]
%0.0000032808626895596735,0.0003284708959078061,0.006336282495737059,0.05743051489203492,0.04438588504072447,0.24357187480920714,0.057357956386106385,0.3204218061064467,0.18077640868686448,0.028242397127509266,0.007547078083761722,0.008277866344951573,0.0000000021694141230057767,0.003592366664316595,0.0000021916361348003596,0.00807086542288224,0.000000000011934951059257293,0.006878584031322172,0.0037120122857724697,0.010859945636055995,0.012204210410225637
#[v_choice,11]
%0.005708310217321509,0.00003683767037193768,0.0009969594752372636,0.026482614205853343,0.00009384521260461322,0.28602595764164795,0.10251314497345233,0.16823236572648823,0.25994812697320996,0.06021834211313821,0.02471739661642837,0.002016650062219786,0.015245621601115797,0.0032337880944868845,0.0001422234542473002,0.017982965646061708,0.0003382115964605232,0.007981339402963219,0.009884158880601773,0.0038321937440211388,0.004368946692068187
#[v_choice,12]
%0.000000000020196907896113683,0.000359966721747791,0.006466009548791991,0.1366425028263495,0.06218582142830238,0.13802186912033823,0.09689278238924784,0.15353014748114815,0.14053607434814827,0.015029122419283728,0.10259488183342719,0.04033780711914403,0.036975367344149315,0.010646614167310716,0.025144821333679013,0.0020873489533269167,0.0017606133252773494,0.00000002809977997499359,0.006448682737001952,0.0006108640226782877,0.023728674760670476
#[v_choice,13]
%0.017995635915031064,0.00003132098526084961,0.00000005051570256843628,0.01694220772483863,0.039604993147822974,0.14515547572460286,0.10775257434674064,0.1350843700368782,0.263510895193935,0.10227866400042512,0.0472170535336457,0.02238031932381932,0.0000000015573661512467886,0.0000000000000000005175927017347769,0.00000000000000000007357203407046502,0.020386705166997487,0.0000000000016755264806127282,0.00000000000000000004090339266228823,0.01711682626975415,0.0000000014663890864918919,0.06454290508911449
#[v_choice,14]
%0,0,0,0,0,0,0,0,0,0,0,0,0,0,0,0,0,0,0,0,0
#[v_choice,15]
%0.0000000000000000000000000004445808003344832,0.0009375862349348278,0.007727057520278631,0.035377696200968756,0.010785202709465643,0.28641772462203124,0.12267975980871336,0.28031107332746097,0.06150930081304513,0.11157236951241337,0.010966801826151517,0.009736742561685718,0.0000005136763890904656,0.00922901079914665,0.000043220234844044096,0.0000000000000377583691880507,0.00000000000000000000016794275241609243,0.005935418857326318,0.02826907874497676,0.00000010372251028737044,0.01850133882762005
#[v_choice,16]
%0,0,0.000000000000000000000000621662697862673,0.9999987930013378,0.000001206998443646595,0.00000000000021855374168144354,0.0000000000000000004730246969172129,0.0000000000000000000000000004512482925324206,0.000000000000000000000000000000002954480215841682,0.000000000000000000000000000000000000004075123128387639,0.000000000000000000000000000000000000000000013438087611198843,0.00000000000000000000000000000000000000000000000000012525777835392488,0.0000000000000000000000000000000000000000000000000000000000019340945746405147,0.0000000000000000000000000000000000000000000000000000000000000000000033317473998863326,0,0,0,0,0,0,0
#[v_choice,17]
%0,0,0,0,0,0,0,0,0,0,0,0,0,0,0,0,0,0,0,0,0
#[v_choice,18]
%0.01259279373777804,0.010985941737539489,0.0008198768417685094,0.04847907333680077,0.0020838045249288997,0.17354985104720966,0.0920981628830905,0.18351203883498687,0.22491464185224272,0.10421808793239357,0.05470472803324068,0.012399910767696934,0.01606885424114226,0.008136832628807754,0.010486571019855074,0.00037351826388769255,0.011235210667577787,0.0064798162874047495,0.0018226067335045902,0.01421724729959705,0.010820431328546506
#[v_choice,19]
%0.0000032808626895596735,0.0003284708959078061,0.006336282495737059,0.05743051489203492,0.04438588504072447,0.24357187480920714,0.057357956386106385,0.3204218061064467,0.18077640868686448,0.028242397127509266,0.007547078083761722,0.008277866344951573,0.0000000021694141230057767,0.003592366664316595,0.0000021916361348003596,0.00807086542288224,0.000000000011934951059257293,0.006878584031322172,0.0037120122857724697,0.010859945636055995,0.012204210410225637
#[v_choice,20]
%0,0.0000000000000000015250225319671878,0.0020217730953457375,0.0273609345752338,0.0026382472789757755,0.2332414958806037,0.01523375278046643,0.19193663640180736,0.16820723521751166,0.07783617224800503,0.08133923018670797,0.032846211684370075,0.008666503203876805,0.00897749754273249,0.010708446535756264,0.0213048153407501,0.0000053795499541485565,0.000000000000006154005311659307,0.016317361706196763,0.00039135213095050313,0.10096695464074913
#[v_choice,21]
%0,0,0.00000000000000000000000000000010382846826873229,0.02992529762112721,0.04607061678112082,0.12933636879711732,0.11245275593662164,0.2323652224591427,0.32987891028848937,0.000231917452507145,0.0003350025229013835,0.02242845765348002,0.008686612231753748,0.040045757215340747,0.00000005406547657502335,0.024530388747224033,0.000000009532940439957081,0.0000000000000781754068236853,0.02371261795019369,0.000000010744484545071706,0.0000000000000006324219733990404
#[v_choice,22]
%0.00000000000000000000000000000015954842204339254,0.00000000002885603805292919,0.00019591699231933721,0.04487659911612065,0.01170753644178429,0.1669659855000149,0.016853972078548336,0.2727885435106181,0.2874914339216341,0.021120322035839228,0.046044383319091886,0.059711822423685355,0.0000008531834037438674,0.01577653790650642,0.03173873278636324,0.0000000000015145761248111445,0.00000000000000000018198519913263606,0.0000000688088110807836,0.012002730901181055,0.0000044244628695451305,0.012720136580838214
#[v_choice,23]
%0.0025544692277092726,0.0005510806745000509,0.005258038601589997,0.07822914507028107,0.025934689401986375,0.17516899070868105,0.062376259146393685,0.2427938905817292,0.14975060625252912,0.07034781954782295,0.0278997809377762,0.07515808949321563,0.015644291367592766,0.006466405282861821,0.006526814577885428,0.0033061406820707883,0.0004156643652461128,0.006002187988125386,0.004676134191889416,0.004978814063866126,0.035960687836247625
#[v_choice,24]
%0.0000000000000000000000000004295206456373247,0.0011035179180217572,0.00004994754263898937,0.07945360084985283,0.02600456576836498,0.1384471405871796,0.03115148215118405,0.22258340136181415,0.20464327934668183,0.03093923991133982,0.05559544358995221,0.07391164460443768,0.026912467304769653,0.012952453091439347,0.008378983459785853,0.025451050736056663,0.002880728543373638,0.016345201141379394,0.011070033177272662,0.0064604831447154796,0.025665335769739502
#[v_choice,25]
%0.000000000000000000000000000003103364456654025,0.0000000000000000026783221402909697,0.0012872829535135056,0.10311899013718924,0.04932605573353989,0.039694976892716415,0.0018475401346599667,0.15810115340445172,0.31438537309571796,0.025787925540644897,0.038067296075053665,0.024915435602947088,0.08116219614819144,0.025991264358736194,0.012762040720584206,0.00000000000839014767049981,0.0000000000000000000016283978949511227,0.000000000000000000000000573430835904911,0.000000000000000000000027557969147575994,0.008693385186147096,0.11485908400751658
#[v_choice,26]
%0.005708310217321509,0.00003683767037193768,0.0009969594752372636,0.026482614205853343,0.00009384521260461322,0.28602595764164795,0.10251314497345233,0.16823236572648823,0.25994812697320996,0.06021834211313821,0.02471739661642837,0.002016650062219786,0.015245621601115797,0.0032337880944868845,0.0001422234542473002,0.017982965646061708,0.0003382115964605232,0.007981339402963219,0.009884158880601773,0.0038321937440211388,0.004368946692068187
#[v_choice,27]
%0,0.0000000000000000001074682229552497,0.0000000000000000000000018346942574706358,0.9999998906569444,0.00000010934085837593595,0.000000000002197283710668184,0.0000000000000000022665107304871954,0.000000000000000000000012891026200166945,0.0000000000000000000000000054233559385398824,0.00000000000000000000000000000001265168905957324,0.000000000000000000000000002445690957666267,0.00000000000000000000000000007514041136882724,0.00000000000000000000000000005331439033199847,0,0.00000000000000000000000000026535432990926274,0,0,0,0,0,0
#[v_choice,28]
%0,0,0,0,0,0,0,0,0,0,0,0,0,0,0,0,0,0,0,0,0
#[v_choice,29]
%0.000000000000000000000000000000000000000000000006519247298843999,0.00000003285819503298587,0.000053139290345836255,0.041067788144018055,0.05732453879665034,0.12770475565649136,0.04522940748609572,0.15934090239323317,0.19728478643476585,0.05348135454674573,0.0723973821760975,0.08230638861318929,0.04924662094878629,0.0009220263584437062,0.022937837440039906,0.002872420714291659,0.002246795985877066,0.004579768312725286,0.011983053864407893,0.003733878541827902,0.06528712143777252
#[v_choice,30]
%0.00000000000000000000009302637718486235,0.00010842822917206445,0.0015295894878383047,0.07019228468242067,0.011138398531039652,0.19601832550829834,0.06744919894039374,0.2042525892981765,0.20439496663865442,0.06194573503504468,0.0940136886258426,0.0024402712048185184,0.01998106831890179,0.000009822232750664406,0.007047694350039098,0.00000000000964068666336515,0.00000000000000000006042588101637953,0.003194714065341293,0.008720345895957656,0.019466417822457466,0.028096461123211763
#[v_choice,31]
%0,0.00000000000000000000007712930217315318,0.0003283369183547409,0.03555715727956411,0.0036603630171985237,0.3375441455810224,0.013976092684640883,0.1876507595269956,0.24179148062431174,0.09453553973713187,0.014190016728243885,0.02081924540896531,0.024606304803697642,0.000000000001836831290368477,0.0000000000000000034679224706599834,0.00000000000000000000004011486643287413,0.012480101851641928,0.000000001848185534733527,0.012860453988160131,0.00000000000004870152085499058,0.000000000000000000000001115276831780923
#[v_choice,32]
%0.0015382257294988219,0.00535695133936022,0.01725690862470592,0.14825157726871438,0.046240340625624106,0.12379997718397102,0.09542172819891302,0.12050876522707132,0.18867397101858444,0.0025196872613360327,0.08986218384151083,0.05730006365501591,0.029102178118514482,0.004431525482907249,0.019519853814296204,0.0033984378711309094,0.004634557173308307,0.005288350208316761,0.0074011523611993285,0.008895791297275024,0.02059777369874575
#[v_choice,33]
%0.008000672861144871,0.000024213294762826316,0.02859749167146562,0.007604159766614889,0.013231486396170338,0.3588408450182277,0.03841977402691481,0.15206047026758476,0.20490075973917918,0.08750153907152615,0.0178589916057362,0.025162650111352842,0.0000020264243689606388,0.013814807452299072,0.0032231558509953745,0.000000007186671104863433,0.006068149293801635,0.00000000010176176112812203,0.000000000000000005695815382907288,0.001111242857175439,0.0335775570022464
#[v_choice,34]
%0.005640388397335508,0.0012160032391500633,0.010999618929394472,0.055550961783332,0.011194975957686206,0.2448736775801014,0.035675527233369676,0.249782037981139,0.16376967098206954,0.03873199097194941,0.07787695651543354,0.009356826034104133,0.011581063150313018,0.003588670925110677,0.007911438104519334,0.00041656135988338484,0.01899204763828516,0.0000000268735222406453,0.0038108285568635393,0.015721689559767514,0.033309038226669925
#[v_choice,35]
%0.000000000000000000000000013298292168858023,0.000000000000000000000000003983000372386406,0.019373203518794232,0.0664712085712245,0.11420872501581164,0.0786547438373321,0.01231470228540312,0.22492553107718888,0.14732952699341256,0.0024101187126930163,0.06092757325445573,0.1657835167219534,0.012102807090902484,0.020802395631507053,0.01820013951350612,0.000000012546506305954788,0.016068389387750674,0.0000010366986748107251,0.014695606094839013,0.014200088781102536,0.011530674266941831
#[v_choice,36]
%0,0.0000000002106107139083519,0.025240295077761984,0.038440232525240044,0.21869844947937456,0.02371697779908692,0.07856549200049251,0.20690649023024743,0.056144340529879544,0.03311246655605604,0.14500204458580865,0.1425329336473314,0.000000215576221165721,0.00000000000288724094849386,0.03164006094346337,0.0000000008355382841643294,0.000000000000000000021457486756649246,0.00000000000000000000000000021009629987973607,0,0,0
#[v_choice,37]
%0,0,0,0,0,0,0,0,0,0,0,0,0,0,0,0,0,0,0,0,0
#[v_choice,38]
%0,0,0.000008632011465631531,0.0013521264973059377,0.000004742011765331951,0.005505444514167803,0.0012686928587911338,0.0015443170161923276,0.0058625662851869076,0.025915713531018486,0.0023333943966075696,0.010837021933787324,0.00000007577139235896668,0.00000000000013973452997304608,0,0,0,0,0,0,0.9453672731721795
#[v_choice,39]
%0,0,0,0,0,0,0,0,0,0,0,0,0,0,0,0,0,0,0,0,0
#[v_choice,40]
%0.01622010460556361,0.0000030126751079125145,0.00005017528948493434,0.00888720641954773,0.0015563499725186809,0.23038927495287478,0.011767642458421292,0.27622828956169665,0.2910218088893326,0.056896430229520976,0.05692574467784563,0.00000003348604826600694,0.0000000000000003785878921493066,0.016715226378237906,0.000005343218046578159,0.00000000000001682538553451186,0.0000000000000000000000017472035087821696,0.000000000000000000000000000000002903099248904854,0.000000000000017842641611669487,0.0000000000000000000001084826374913794,0.033333357185717456
#[v_choice,41]
%0,0,0.000000000000000000000000000001975088528385248,0.000000000000000000000000000031448409307867106,0.000000000000000000000000000007931527573612028,0.00000000000000000000000008775141657688315,0.9469561356370393,0.05253595229108088,0.0005069395040904624,0.0000009255929269905717,0.000000000010503040042372139,0.0000000000000000012312292676166334,0.000000000000000000000000013610859812811656,0.000000000000000000000000000000000000000000000000000000000000000000000000000000015199678535472913,0,0.00000000000000000000000018677685000361853,0.000000000000000000000000006157255035591881,0.0000000000000000000000000000000000000000000000000000000000000000000000000005369370108996451,0,0.0000000000000000000000024696488875558746,0.000000046964359362860466
#[v_choice,42]
%0,0.0000000000000000000000000000000000005871166745269398,0.00000000000000000000000000007593127263485524,0.0000000000000000000000000029415839543612478,0.000000000000000000000000001685927033707959,0.000000000000000000000000000878129993636108,0.000000000000000000000000010648464597074893,0.000000000000000000000000000006642016964828296,0.0000000000000000000000000000007782953928653449,0.000000000000000000000000000007037833299577884,0.00000000000000000000000000012743679835331546,0.000000000000000000047211540488091415,0.9999998798845788,0.00000012011541684205153,0.0000000000000042804321449705,0.0000000000000000000000004480359751554094,0.00000000000000000000000000000000003761286065656872,0,0,0,0
#[v_choice,43]
%0,0.000004369996054852318,0.0000033090174756303763,0.019473824983923825,0.010454392415908174,0.09192000701912156,0.02155891514714685,0.21367949381287357,0.06839689034185309,0.14912410717132096,0.1524271397749593,0.059602019843356176,0.06057004081631933,0.011251084239300579,0.014024128664706904,0.01357131912402077,0.0036429724634289553,0.020778174011062037,0.01621776181802273,0.011490474907839157,0.06180957443130561
#[v_choice,44]
%0.0000000000000009666301999968302,0.0027133652359925273,0.00220014661886859,0.06715361747750566,0.05603859657315976,0.052136076822426485,0.20507547538491502,0.054811372654259116,0.2257125849714178,0.0030069311320693325,0.1671302941184081,0.05012001106168842,0.0376809771997496,0.0068264899058533,0.022289187251244652,0.008362374131918458,0.0004575664705666075,0.009303022524196455,0.00336423275708699,0.015559660355693792,0.01005801735297842
#[v_choice,45]
%0.0000000000000000007298362919889468,0.00000000000000000000029935236373636865,0.00041475318134800065,0.03810972164861993,0.001123662250865151,0.25851298799316924,0.05806087041524148,0.1986277026786635,0.13736524816478946,0.11841209031476764,0.08838509147069169,0.053665379707349144,0.008106906541697207,0.0000000002916018256566989,0.000000000000000000007310285790280919,0.0000000000000000000000000004046857174010841,0.0000000000000000000000000000000000026966631480446945,0,0,0.0000000000000000000009035769984557827,0.03921558534119567
#[v_choice,46]
%0.005708310217321509,0.00003683767037193768,0.0009969594752372636,0.026482614205853343,0.00009384521260461322,0.28602595764164795,0.10251314497345233,0.16823236572648823,0.25994812697320996,0.06021834211313821,0.02471739661642837,0.002016650062219786,0.015245621601115797,0.0032337880944868845,0.0001422234542473002,0.017982965646061708,0.0003382115964605232,0.007981339402963219,0.009884158880601773,0.0038321937440211388,0.004368946692068187
#[v_choice,47]
%0,0,0.00000000000000000000000000000000000021083804837160925,0.000000000000000000000000000000033727625130072564,0.00000000000000000000000000000001113601303012734,0.0000000000000000000000000000000018328259414916708,0.0000000000000000000000000000000000003871891526109806,0.0000000000000000000000000000001157746293635762,0.0000000000000000000000000000000000016754598623028575,0,0,0,0,0,0,0,0,0,0.9999999999999999,0.00000000000000010716548832612232,0.00000000000000000000000000933262427576239
#[v_choice,48]
%0.0000000000000000000000007374458944875236,0.0000000005852783030369978,0.014381228436107459,0.051673046280403895,0.03298671431377667,0.19726774216300808,0.1620190907283651,0.2565827684377915,0.08495005995559535,0.004161603355626921,0.050567311908963686,0.058936413674909024,0.03074166983140582,0.008397511652203092,0.024394545595256095,0.000000008660514496203125,0.0000000000000000006149914901726475,0.0000000000000000000000004080645966341534,0.005003316663763643,0.0003972700240833505,0.01753969773294774
#[v_choice,49]
%0.00000000000000000000000000008888781200312914,0.000004370863573491252,0.0000033096414227984926,0.01947290679286851,0.01045511124430888,0.09192484392186387,0.021558486975100676,0.21368239398366706,0.0684006249378721,0.14912107615641593,0.15240775031218212,0.05960693154195992,0.06057689511656072,0.011250857255397687,0.014022293822535347,0.013572667564414687,0.003643662363472454,0.020776614147737193,0.016216709439824707,0.011491058869300469,0.061811435049521385
#[v_choice,50]
%0.00000000000000000000000000017313990394241452,0.0000000046192541187069276,0.0031918283958666544,0.019082345519548197,0.009076073672880101,0.1768143077863545,0.08187140459811568,0.225562036801783,0.3059869405752781,0.09935997505483031,0.01959019789243344,0.018385468848003662,0.000000021509758759289527,0.0000000007687812642151643,0.0038751850973548904,0.00007986280875677672,0.000000000002025880434155847,0.0037471729087730455,0.000003993084896361482,0.003998015297463363,0.029375164757841906
#[v_choice,51]
%0,0,0,0,0,0,0,0,0,0,0,0,0,0,0,0,0,0,0,0,0
#[v_choice,52]
%0.0003614756924788758,0.00008609648305845348,0.0028514088819207605,0.07459319101445128,0.03240314583154723,0.12729936718548493,0.09296654336581948,0.1895364566880859,0.18352226889729645,0.04859585135956144,0.11838185493073794,0.014824297842816633,0.035737523481064515,0.004403898795114107,0.010699149100891044,0.0037257646598158416,0.005448813446458098,0.003812752933446508,0.004724637421878805,0.01550574442406759,0.030519757564004137
#[v_choice,53]
%0,0,0,0.000049049932399093505,0.00000010381629428299481,0.000018349641749139578,0.0000026217880940795815,0.010480725049446657,0.14172076174006867,0.0001131171960642256,0.3687004104925679,0.1295899420786225,0.000000052689616229991786,0.000000000000000008374174864764085,0.000000116001565369477,0.10417681697807206,0.1275988779160883,0.0000020521396728949976,0.11754654624709827,0.0000004470189573714188,0.00000000927362308223214
#[v_choice,54]
%0,0,0,0,0,0,0,0,0,0,0,0,0,0,0,0,0,0,0,0,0
#[v_choice,55]
%0.00000000000000000000000000017313990394801604,0.0000000046192541188371415,0.003191828395732977,0.019082345517740584,0.00907607367191806,0.17681430778993923,0.08187140460520187,0.2255620368029728,0.3059869405851103,0.09935997505259443,0.019590197890604608,0.01838546884571351,0.000000021509758752639633,0.0000000007687812642438834,0.0038751850974170637,0.00007986280874616818,0.0000000000020258804299793984,0.0037471729106410465,0.0000039930849580638856,0.00399801530012137,0.02937516474076799
#[v_choice,56]
%0.0000000000000000000000000272739182441551,0.03492930002249469,0.000006465842077733368,0.04510012294397954,0.27774821574256336,0.000048537065115274934,0.00001636665444987362,0.3515269465443298,0.011322963289362012,0.0000622482524655274,0.15923753690174472,0.0000012242845770017592,0.0000000000000011808602303329245,0.00000000000000000000034571802002921426,0.0000000000000000000000000000000009359842061584202,0.0000000000000000000000000000000000019402885214079247,0.0000035212617908903855,0.07571064304490188,0.00000002459720582248305,0.044285883551648794,0.0000000000012916990586365293
#[v_choice,57]
%0.000000000000000000000000016595743567213687,0.007103775821594373,0.00005337597991093496,0.0009157282324481278,0.007997501575676792,0.35015653603317276,0.043795458432163877,0.28994428517987914,0.07197287146395938,0.07565279145411948,0.06128433284883444,0.001791645329091989,0.02078541411603796,0.00838698012975076,0.0000000030613979483867434,0.0000000000000000009859679506077686,0.00669355075225015,0.0000007508431821395795,0.01255436410066046,0.01650228051877217,0.024408354127097128
#[v_choice,58]
%0,0,0,1,0,0,0,0,0,0,0,0,0,0,0,0,0,0,0,0,0
#[v_choice,59]
%0.00000000000000000000001494248051244403,0.00000000000000000001811324516741608,0.017361440741599028,0.05311690701604008,0.037400624315201525,0.16858096060434988,0.03407673248959902,0.2024356035546976,0.19935339646414735,0.0733158163139759,0.13139742114522768,0.009666767963033607,0.04252511932906032,0.0000000000792685437670102,0.0000000000000016661771686480183,0.000000000000000000000002153646124462492,0.000000000000000000000000000000000483841149790332,0,0.00000000000000000000000000000000002780573830940396,0.00004798805495113308,0.030721221928846743
#[v_choice,60]
%0.014334597906407393,0.002548316095708232,0.021040444171861055,0.16338922844767878,0.11219626812065828,0.14847886048576242,0.09280119283155273,0.1532883298977372,0.12495068321541547,0.03079964927996743,0.05375443485780301,0.00985198965330166,0.018805762258818363,0.00000014739469628540157,0.000000000007452427500130814,0.006177892536449168,0.006096201783524901,0.0023776408574706634,0.0025768241898655613,0.004786417180154255,0.0317451188277146
#[v_choice,61]
%0.00000000000000000000000039017561437501424,0.000000000000000000016401478673771224,0.034610098248976415,0.23842489234358705,0.0990562197982506,0.0847440231162338,0.19678747006431702,0.21756830232522587,0.05686003700026626,0.00000000004761561116085181,0.000000000000006063913443618647,0.00006931990290707813,0.0000000000008989377530293544,0.000000000000000000007147187840680412,0.000000000000000000000000007555331547577927,0.000000000000000000000000000003294858449508102,0.000000000000000000000000000025128419116503946,0.00000000000000000000006477755482160437,0.03280594362852449,0.03907369342615103,0.00000000009703987074284464
#[v_choice,62]
%0.017995635915031064,0.00003132098526084961,0.00000005051570256843628,0.01694220772483863,0.039604993147822974,0.14515547572460286,0.10775257434674064,0.1350843700368782,0.263510895193935,0.10227866400042512,0.0472170535336457,0.02238031932381932,0.0000000015573661512467886,0.0000000000000000005175927017346482,0.00000000000000000007357203407031925,0.020386705166997487,0.0000000000016755264806127282,0.000000000000000000040903392662086734,0.01711682626975415,0.0000000014663890864918919,0.06454290508911449
#[v_choice,63]
%0,0,0,0,0,0,0,0,0,0,0,0,0,0,0,0,0,0,0,0,0
@j_5_del
$Dim[7,23]
#[j_choice,0]
%0.00000000000000000000000000000000001785182151981947,0.00000000000000000000000000000000000006394802781103094,0.00000000000000000000000000000065424335188822655,0.000000000000000000000000000004005386145045085,0.00000000000000000000011572605956815557,0.0029639916223262123,0.00000000003259665681847101,0.000000000000000000009851950429367497,0.00000000040935586360260875,0.0006336001147041942,0.0009685406032561057,0.25524137625233967,0.5518823118166373,0.11055233544558601,0.00492543916390119,0.0728314090103849,0.0000009928291110538616,0.000000002699800902309478,0.0000000000000000021588280841049476,0.000000000000000000000017280448675763052,0.000000000000000000000000002082143470446604,0.000000000000000000000000000000000003460773180521636,0.00000000000000000000000000000000000000000005307586907226412
#[j_choice,1]
%0.0005477588329398242,0.0000000027700647512480097,0.01259060106410284,0.0688905534967203,0.03440792502047503,0.26194903692564264,0.05442249934935051,0.1169782854662818,0.1087369325609415,0.23293040141971116,0.044917723074450876,0.02615407440564979,0.018526588139718907,0.013567561799954529,0.001848183463840812,0.003531820594062786,0.00000005150091769482778,0.00000000011517437365755102,0.00000000000000000010146969819319496,0.0000000000000000000000008166044971856887,0.0000000000000000000000002155479187166986,0.0000000000000000000000000000000003199317491451524,0.00000000000000000000000000000000000002838676519252335
#[j_choice,2]
%0.0000004083413478407301,0.00006507263104043086,0.015863803213307246,0.05755456054381107,0.1293204153908619,0.12566221649051396,0.10058493217536585,0.19625156103898966,0.07637938888217687,0.06650347941179796,0.14441558609956356,0.033561929489787916,0.025364900618673022,0.020169907952396426,0.006798935359697632,0.001502895072770627,0.000000007287898131534239,0.000000000000000003851647574205005,0.00000000000000000000018607127708955903,0.0000000000000000000000000000000028788008805667574,0,0,0
#[j_choice,3]
%0.0003205700157235187,0.0003513887773705154,0.04538129111493652,0.05296401176885895,0.1217846708108465,0.10399787505949044,0.17832641612166816,0.14087822843950557,0.19920138441789847,0.06916690623710822,0.05731845524556211,0.01356708308645932,0.014515889090169078,0.0011788411390309358,0.000009539136650541952,0.0005543384064750714,0.000000000005229538316628619,0.0000000000000000000002568086298669473,0.000000000000000000000000005621793739165572,0.000000000000000000000006926081165339462,0.0004830473016330718,0.00000006375636767667599,0.00000000006901569512471029
#[j_choice,4]
%0,0,0.000000000000000000000000000000000000000000000000000071029255771871365,0.00000000000000000000000000000000000000000000000007705821357263512,0.0000000000000000000000607468711135097,0.00000000000000000017007698333258373,0.000000000000000000000001661186130031984,0.000000000000000000000018522369334126614,0.0000000005312841095524816,0.0007800996044988783,0.0006506787608117857,0.24432019443657083,0.5691179845858629,0.12920345861657093,0.004851711792189741,0.05107515308965193,0.0000007167024304743787,0.0000000018801283332413904,0.0000000000000000015692331518796753,0.00000000000000000000001310317747532623,0.0000000000000000000000000002881469649090399,0.000000000000000000000000000000000000000000000000000018750376598255355,0
#[j_choice,5]
%0.008338888012055153,0.00015130507444829146,0.01871206343256526,0.04364056495855206,0.15116162360080446,0.2061145805568944,0.08401265135934499,0.08845132479749272,0.09810330479122424,0.08193785283632704,0.1288848138291989,0.05098319843048537,0.021510450459403974,0.008828174476040155,0.00916894880584969,0.0000002472785516199503,0.0000000004430300761680194,0.00000000000000032812421737865734,0.00000000000000000000002710048480478096,0.0000000000000000000000004473603038059001,0.00000000685681328353012,0.0000000000009170886514549524,0.0000000000000009906653381921754
#[j_choice,6]
%0.0011100747214770957,0.000010827772523393417,0.026828154724562587,0.06644685336187274,0.17371262764544887,0.1199263870472128,0.11512793531213736,0.07826700618974,0.10463433059093527,0.08179282193306424,0.11750678226067435,0.06803871262675622,0.02619741593064034,0.01116681215711961,0.007930842371522515,0.0007591778008575344,0.000000012381301498525744,0.00000000000000001750914279028143,0.00000000000000000000010591016091099368,0.0000000000000000000000000022007940993343324,0.0000000000000000000000028683130505328667,0.0005432251702032412,0.000000000001950227573320764
@vj_ins
$Dim[41]
#
%0.0873166671680045,0.11483245682279947,0.25145209254601797,0.2153480405642612,0.14823982215502401,0.06193600515326371,0.045897335303151335,0.02382661713615045,0.019471031261717148,0.00920686697472162,0.004657829611692377,0.00543169373910388,0.0015904589719709702,0.001493569244616515,0.002227405354429772,0.0015547537006728508,0.0009030910698730834,0.001223968602537375,0.0006310518811937249,0.0004585270826190498,0.00047007360750642835,0.0006072758039848794,0.00016221608271724724,0.00023773807374549247,0.0002763109314173135,0.00000001617139689712675,0.00000000001199132362014878,0.00011144429776829236,0.000002135663492693034,0.0000000038946050202064235,0.00000000000008500104309592454,0.00010162599687889123,0.000000683548254225485,0.000029880223765292847,0.00019312611121568283,0.0000000074340846273054655,0.000000000000044150237030155295,0.000000000000000000105285507007463,0.0000000000000000000000526218087217495,0.00010817780322551616,0.00000000000000003537697439497995
@vj_dinucl
$Dim[16]
#
%0.2643164521403616,0.27429106725191815,0.33307293683286965,0.1283195437748506,0.10361743611395899,0.46717648544160706,0.1912377913850272,0.23796828705940679,0.20726839305233208,0.12623265456122554,0.5303859689125415,0.1361129834739009,0.1499793077421612,0.3973824943218025,0.16828976524834852,0.28434843268768767
