@v_choice
$Dim[91]
#
%0.0127901468498342,0.006474024948681509,0.015948207800410546,0.0014604047290385181,0.0063161219011526925,0.006158218853623874,0.008210958471498499,0.009789988946786671,0.003947576188220432,0.01342175903994947,0.013895468182535922,0.019737880941102157,0.010737407231959574,0.017843044370756355,0.011842728564661294,0.006789831043739142,0.024451842900617908,0.006631927996210326,0.004105479235749249,0.016895626085583447,0.011053213327017211,0.010895310279488393,0.012632243802305383,0.010895310279488394,0.0020671073482296854,0.005684509711037422,0.010579504184430757,0.035054476551397436,0.005052897520922153,0.0064740249486815084,0.017527238275698718,0.009474182851729039,0.015316595610314825,0.005052897520922153,0.006158218853623874,0.014053371230064738,0.0041054792357492495,0.01800094741828517,0.014684983420180008,0.01831675351334281,0.013737565135007105,0.007421443233854411,0.013105952944891832,0.02084320227380388,0.017053529133112266,0.008053055423969682,0.019106268750986876,0.003158060950576346,0.008526764566556131,0.005526606663508604,0.021024234787681468,0.014842886467708826,0.013579662087478288,0.00868466761408495,0.005368703615979787,0.008210958471498497,0.0007895152376440864,0.009000473709142583,0.0099478919943155,0.010105795041844307,0.007895152376440864,0.009789988946786671,0.0056845097110374216,0.006000315806095056,0.011526922469603658,0.011369019422074843,0.005052897520922152,0.02510658455708195,0.007895152376440864,0.00173693352281699,0.03331754302858044,0.004421285330806884,0.007263540186325595,0.005684509711037422,0.009158376756671402,0.01626401389546818,0.012632243802305383,0.017369335228169903,0.006789831043739143,0.013737565135007103,0.006789831043739144,0.0009081409838937413,0.020685299226275062,0.008526764566556135,0.013105952944872287,0.014053371230064737,0.00868466761408495,0.00456482064798064,0.017527238275698718,0.006316121901152692,0.01152692246960366
@j_choice
$Dim[91,11]
#[v_choice,0]
%0.13580431285646183,0.00875809157897644,0.000000000000000000000000000000000000004987430691725776,0.007081540248539994,0.0000000000000000000000000011390169425342829,0.3298393804827072,0.2962962962962963,0.000000000000000000012497936584974518,0.2185949706556292,0.0018127039404552236,0.0018127039409338065
#[v_choice,1]
%0.3170731707317072,0.00000000000000000000000000000000007793637388881394,0,0.00000000000000000000000000000000000457671809852901,0.0000000000000000000000000000000051904036568745214,0.36585365853658536,0.17073170731707316,0.000000000000000010297768724527486,0.1463414634146341,0,0
#[v_choice,2]
%0.28712871287131875,0.0006470285429115923,0.00000000000000000000000000000000000000012322908058914526,0.0005314783640036498,0.0000000000000000000000000000000018746560096612532,0.2067422851399511,0.28712871287128716,0.0000000000000000962438044510667,0.21782178221052764,0,0
#[v_choice,3]
%0.7211967879086654,0.0000000000000000000000000001965540534720164,0,0.00000000000000000000000000006929552697027689,0.0000000000000000000000000000000009881788643988544,0.16968092552832847,0.0009994872055539403,0.0000000000000000003563418767804151,0.10812279935745216,0,0
#[v_choice,4]
%0.3249999999999997,0.000000000000000000000000000000000038984490189902594,0,0.0000000000000000000000000000000000026872876334173922,0.0000000000000000000000000000000011541175388577691,0.2750000000000002,0.19999999999999998,0.00000000000000010890154135872823,0.19999999999999998,0,0
#[v_choice,5]
%0.1538484106734732,0.0021040143158667654,0.000000000000000000000000000000000000000000000000000203038823460396,0.001774908243673751,0.000000000000000000000000007004682268699795,0.20124928237355497,0.38461538461538464,0.000000000000000000445186340024426,0.24087469188706537,0.007766653936288876,0.00776665395469247
#[v_choice,6]
%0.17307692307693676,0.000000000000000000000000000000000008541203202720812,0.000000000000000000000000000000000000012272312069267708,0.019230769321827147,0.0000000000000000000000000000000021060167336524273,0.19230769206625808,0.3846153846153846,0.000000000000000000007676669061029697,0.2115384615864226,0.00961538465080999,0.009615384682360763
#[v_choice,7]
%0.3387096774193673,0.00024275193839027562,0.00000000000000000000000000000000000000016111505837101057,0.000188384554327202,0.0000000000000000000000000000000005797819181818521,0.2092462828340601,0.22580645161290325,0.00000000000000008558230178364246,0.2258064516409518,0,0
#[v_choice,8]
%0.08000000000001072,0.02324714262166422,0.0000000000000000000000000000000000000000000000031302567485618684,0.01999588260049626,0.00000000000000000000000000000002779250942282839,0.23675697471791748,0.36000000000000004,0.0000000000000000002019578376633384,0.2800000000599113,0,0
#[v_choice,9]
%0.11764705882353997,0.0005630081625987113,0.0046204107895327,0.00023001860884440758,0.0000000000000000000000000000000023998336959352007,0.3004689153531654,0.34117647058823536,0.00000000000000000000011965398986006284,0.23529411767408343,0,0
#[v_choice,10]
%0.12500158946786916,0.0012968667424891646,0.000000000000000000000000000000000000007250100919118768,0.027417741575948448,0.00000000000000000000000000017564471351762533,0.22128539160851313,0.38636363636363635,0.0000000000000042058176774427415,0.2357699056948832,0.0014324342787242375,0.0014324342679320537
#[v_choice,11]
%0.2880000000009257,0.0000000000000000000008295303709714218,0.00000000000000000000000000000000000001031499927854494,0.015878088915676283,0.000004047949350749223,0.240121911083396,0.25600000000000006,0.00000000000000008070890908426933,0.19999595205065127,0.000000000000000000000000000000018887164499648966,0.000000000000000000000000000000018886803082492133
#[v_choice,12]
%0.22059151239931069,0.00000000000000000000000032880920785265343,0,0.0000000000000000000000000512521376230396,0.000000000000000000000000000000008934662850464145,0.24999999999999628,0.3088235294117648,0.000000000000000019021823584119744,0.20588235294118498,0.007351302627374295,0.007351302620369103
#[v_choice,13]
%0.1327450303925935,0.0017396172673565756,0.000000000000000000000000000000000000011368799309057433,0.02305075051554287,0.000000000000000000000000000778495644310231,0.3999883932084907,0.247787610619469,0.0000000000000000017858941201867662,0.19296627612550574,0.0008611609352174473,0.0008611609358240159
#[v_choice,14]
%0.32000000000002377,0.007381703742830142,0.000000000000000000000000000000000000000000174549548128405,0.005951629925531812,0.0000000000000000000000000000000045063107824503426,0.23999999962740073,0.25333333333333335,0.00000000000000000002213165098584751,0.17333333337088036,0,0
#[v_choice,15]
%0.3953488372093476,0.008212233596643477,0.000000000000000000000000000000000000000002269493356854067,0.006798686125599502,0.00000000000000000000000000000000004770339832055161,0.2640588476784931,0.13953488372093023,0.0000000000000000000173777131355397,0.18604651166898611,0,0
#[v_choice,16]
%0.3413130080460307,0.000002027962195121074,0.0000000000000000000000000000000000000000012538513062102238,0.000001479351321402873,0.000000000000000000000000000000002451711581547262,0.23893197015221943,0.23247776186611163,0.0000000000000000404299933449495,0.18727375262212165,0,0
#[v_choice,17]
%0.42857142857146335,0.0009133146500184615,0.000000000000000000000000000000000000002359722569343674,0.04670573391298098,0.0000000000000000000000000000000000735014963272941,0.19047618949927494,0.19047619047619047,0.0000000000000000000009061195450980547,0.14285714289007181,0,0
#[v_choice,18]
%0.38461538461538464,0.0000000000000000000000000000000000041738120907599864,0,0.00000000000000000000000000000000000021540084311443816,0.000000000000000000000000000000000000000000003494712809820276,0.23076923076923078,0.3461538461538462,0.000000000000000000040870869956081277,0.03846153846153847,0,0
#[v_choice,19]
%0.07476635514019377,0.0011957706634370376,0.000000000000000000000000000000000000017768943181973903,0.022834972211429577,0.0000000000000000000000000000000018014220196386343,0.3124178551590637,0.30841121495327106,0.0000000000000000002545432640237956,0.2710280374225174,0.004672897217279809,0.004672897232807848
#[v_choice,20]
%0.3714285714286177,0.0033936722079212465,0.00000000000000000000000000000000000000000005522099338213794,0.0028200066043773085,0.0000000000000000000000000000000026993015334290294,0.17950060685301447,0.19999999999999998,0.0000000000000001156841955129983,0.24285714290606905,0,0
#[v_choice,21]
%0.2173913043478626,0.022049459026931274,0.000000000000000000000000000000000000015864346159405572,0.01895214072604556,0.000000000000000000000000000000005592841700719173,0.20537521179699872,0.3333333333333333,0.0000000000000000008765684221960521,0.20289855076882854,0.0000000000000000000000000000000000000000000000000000000000000000000000000000000000007843738727841088,0.0000000000000000000000000000000000000000000000000000000000000000000000000000000000007843735888120062
#[v_choice,22]
%0.14999999999998467,0.000018960106021779746,0.000000000000000000000000000000000000000029497378018904546,0.000015340084414925444,0.000000000000000000000000000000006974808447152038,0.2624656998010529,0.45,0.00000000000002826484163508849,0.1375000000084974,0,0
#[v_choice,23]
%0.34782608695658573,0.015510031042874873,0.0000000000000000000000000000000000000000007342734137078818,0.013475477040503458,0.0000000000000000000000000000000026142336543165298,0.21739130349818067,0.289855072463768,0.000000000000002325017041176113,0.11594202899808476,0,0
#[v_choice,24]
%0.5271836708126706,0.000000049503183460734736,0.00000000000000000000000000000000000000000000000860916459580827,0.00000003260196279907876,0.0000000000000000000000000000000000204309195156275,0.24338387020252383,0.2233304066899915,0.000000000000000000011496036598704777,0.006101970189667823,0.000000000000000000000000000000000000000000000000000000000000000002587873992303265,0.0000000000000000000000000000000000000000000000000000000000000000025878463734009735
#[v_choice,25]
%0.19444444444444436,0.000000000000000000000000000000000003119880075818561,0,0.00000000000000000000000000000000000017684155403996613,0.000000000000000000000000000000003102994269036804,0.19444444444444448,0.3611111111111111,0.00000000000000001075881615426036,0.25,0,0
#[v_choice,26]
%0.20895522388064086,0.042340152341352404,0.0000000000000000000000000000000000000000005366588067138853,0.037314371892048864,0.000000000000000000000000000000000025022157423933834,0.35318129662441117,0.1791044776119403,0.00000000000000000001779814197067594,0.17910447764960646,0,0
#[v_choice,27]
%0.43243243243247564,0.00019727238495593162,0.0000000000000000000000000000000000005093634321167449,0.0001621926726484858,0.000000000000000000000000000000004770763382859173,0.23387476916112473,0.18468468468468469,0.000000000000000018922787278912618,0.1486486486641105,0,0
#[v_choice,28]
%0.25000000000001876,0.01714727594188785,0.00000000000000000000000000000000000000000032872548630635535,0.014102724344872098,0.000000000000000000000000000000003748084312330328,0.24999999968613482,0.34374999999999994,0.0000000000000000000002279179705832541,0.12500000002708647,0,0
#[v_choice,29]
%0.4146341463415095,0.005739219176845515,0.0000000000000000000000000000000000000000000628984513963877,0.004801590440671815,0.000000000000000000000000000000003168116266623518,0.28214211718879184,0.17073170731707318,0.0000000000000000000362952406049891,0.12195121953510811,0,0
#[v_choice,30]
%0.1081081081081165,0.000000000000000000000000000000000311179070357263,0.0000000000000000000000000000000000037682395149655984,0.009009009321875757,0.000000000000000000000000000000007538503418511898,0.29729729692319795,0.3153153153153153,0.00000000000000000005376664152510375,0.2702702703314945,0,0
#[v_choice,31]
%0.33333558828876897,0.00000000000000000000000000000008945860057143744,0,0.000000000000000000000000000000017813270800004552,0.00000000000000000000000000013156119112143154,0.16666666666666644,0.23333333333333328,0.00000000000000007693627606359624,0.23570925381580882,0.015477578936883686,0.015477578958538513
#[v_choice,32]
%0.19587628865997758,0.0002757535865714531,0.000000000000000000000000000000000000009394290343943721,0.018280823494656664,0.0000000000000000000000000000000023313045192872576,0.32164960847025076,0.28865979381346857,0.000000000000000001168474160855223,0.1752577319750749,0,0
#[v_choice,33]
%0.18749999999999975,0.0000000000000000000000000000000000009528330403632711,0,0.00000000000000000000000000000000000002493921221420893,0.00000000000000000000000000000005381408269500142,0.3125000000000001,0.40625,0.00000000000000011906812106136546,0.09374999999999999,0,0
#[v_choice,34]
%0.3333333333333739,0.020248685971886882,0.000000000000000000000000000000000000000000028317347173170464,0.017126842857766413,0.000000000000000000000000000000003350635721687836,0.24467575318339052,0.20512820512820515,0.00000000000000000841831715094733,0.1794871795253772,0,0
#[v_choice,35]
%0.2808988764045267,0.0036300333743437708,0.0000000000000000000000000000000000000001406777164944169,0.0030182301287846325,0.00000000000000000000000000000000079578897873425,0.2630146578039322,0.22471910112359547,0.00000000000000000020455388342500797,0.2247191011648172,0,0
#[v_choice,36]
%0.3846210700313328,0.029446488370874435,0.000000000000000000000000000000000000000000000000000033298257330391405,0.026338190574914475,0.000000000000000000000000000000004776736953271818,0.1365230127462199,0.3076923076923077,0.00000000000000016267648723640953,0.08025742968377615,0.017560750427685356,0.01756075047288898
#[v_choice,37]
%0.23684210526315783,0.00000000000000000000000000000000027795168076150668,0,0.000000000000000000000000000000000016695631216182317,0.0000000000000000000000000000000008723929060961677,0.2894736842105263,0.2456140350877193,0.0000000000000000044669227231771166,0.2280701754385965,0,0
#[v_choice,38]
%0.15053763440859524,0.00812510276817181,0.00000000000000000000000000000000000000000006072893838384723,0.006734662581974609,0.00000000000000000000000000000000028925351499681474,0.24320475074456502,0.4301075268817204,0.000000000000022659745162836924,0.16129032261495027,0.000000000000000000000000000000000000000000000000000000000000000000000000016662112983412707,0.000000000000000000000000000000000000000000000000000000000000000000000000016662103840210613
#[v_choice,39]
%0.08620689655173534,0.015415851575674142,0.000000000000000000000000000000000000007663002748695799,0.012911760105641972,0.0000000000000000000000000000000023396322912611913,0.3251206641551125,0.2586206896551723,0.00000000000000000015684145516980859,0.30172413795666353,0,0
#[v_choice,40]
%0.333333333333392,0.006236478421317109,0.00000000000000000000000000000000000000000011131799201095412,0.0053527861376729225,0.000000000000000000000000000000004301958494144778,0.2987555629960157,0.1839080459770115,0.00000000000000022592775789944116,0.1724137931345905,0,0
#[v_choice,41]
%0.14893617021301783,0.0018956983896044396,0.00000000000000000000000000000000000001227720211779355,0.08312628402688273,0.000000000000000000000000000000013223762455429654,0.31923333668860626,0.1914893617021277,0.00000000000000000000017252024019093788,0.2553191489797611,0,0
#[v_choice,42]
%0.16867469879519853,0.008578584844209201,0.00000000000000000000000000000000000000000069928025013124855,0.007039736794688241,0.0000000000000000000000000000000053135422440355346,0.26149011204155637,0.30120481927710846,0.0000000000000000009417902073252435,0.2530120482472393,0,0
#[v_choice,43]
%0.23485122726437843,0.006826449053629559,0.001241883302469614,0.004173221721749856,0.00000000000000000000000000038695252404118774,0.2907887489278417,0.26515151515151514,0.000000000000000005820177388635486,0.19597339298713592,0.0004967807944274652,0.000496780796852386
#[v_choice,44]
%0.1851851851851908,0.0000020410185965102477,0.000000000000000000000000000000000000000004886392156141375,0.000001547451686747282,0.000000000000000000000000000000005808801657623278,0.27777418930071635,0.29629629629629634,0.000000000000000007655800974534493,0.24074074074751328,0.000000000000000000000000000000000000000000000000000004286689706067844,0.00000000000000000000000000000000000000000000000000000428668499624583
#[v_choice,45]
%0.3137254901970768,0.000000000000000000000000000000018808045392199236,0.000000000000000000000000000000000000009037490359010469,0.03911579211086688,0.000000000000000000000000009753330881428432,0.19617832551281356,0.2549019607843137,0.000000000000000005400783210195622,0.19607843139492903,0.00000000000000000000000000000004960632871980283,0.00000000000000000000000000000004960633830919217
#[v_choice,46]
%0.1818195311002645,0.010384178331243032,0.0000000000000000000000000000000000000000004931760340438937,0.008579347335130705,0.0000000000000000000000000000000011294952723907919,0.26202820973842383,0.3223140495867765,0.000000000000000008524325940978955,0.19834710746177286,0.008263788213646681,0.00826378823274202
#[v_choice,47]
%0.2000000000000158,0.007986766254316224,0.000000000000000000000000000000000000000000000000000003752811392913534,0.0065097116182535044,0.000000000000000000000000000000010749678326251202,0.28550352209418983,0.35,0.0000000000000000000004489836789653541,0.15000000003322464,0,0
#[v_choice,48]
%0.3148148148149019,0.0006558991575905899,0.000000000000000000000000000000000000011230998245546399,0.036381137511754716,0.000000000000000000000000000042146543950114424,0.18518518491668567,0.31481481481481494,0.000000000000000008362870246986728,0.11502878025178094,0.016559684255554714,0.016559684276916713
#[v_choice,49]
%0.37142857142863495,0.028196031948952028,0.00000000000000000000000000000000000000000000000000011114545279475886,0.024396109606597934,0.000000000000000000000000000000000012668653539737806,0.11883642984804414,0.3428571428571429,0.0000000000000000000015804598235696,0.11428571431062827,0,0
#[v_choice,50]
%0.2865000954029102,0.0000033832587039877925,0.000000000000000000000000000000000000000001953709830715115,0.0000023882066655988796,0.000000000000000000000000000000005478173442711838,0.24033103849562756,0.29291048715038603,0.000000000000000009956755200127278,0.1802526074857067,0,0
#[v_choice,51]
%0.10638297872341528,0.0000469047244592484,0.000000000000000000000000000000000000007770277373200594,0.015047781270057743,0.000000000000000000000000000000002608831120153895,0.3040542500831551,0.2765957446808511,0.0000000000000000000012292009287472498,0.28723404257127555,0.005319148964262968,0.005319148982522884
#[v_choice,52]
%0.046511627906977715,0.000014764157896829903,0.00000000000000000000000000000000000000000000033703063265318404,0.000010685578281432717,0.000000000000000000000000000000008029885668364927,0.2906722246824255,0.3604651162790697,0.00000000000000000002810811058707082,0.3023255813953488,0,0
#[v_choice,53]
%0.14545454545455272,0.00003084562042263899,0.0000000000000000000000000000000000000000000000000000008355089392175007,0.000024706641287077952,0.000000000000000000000000000000001347100345890555,0.3090353568291922,0.34545454545454546,0.00000000000000000000000008700770023666805,0.2,0,0
#[v_choice,54]
%0.2941176470598072,0.001593873648258011,0.000000000000000000000000000000000000001265007529385116,0.05710353643968795,0.0000000000000000000000000000000026921718544231025,0.23542023695319858,0.26470588235294124,0.00000000000000000002423513765799302,0.1470588235461072,0.00000000000000000000000000000014360934008143143,0.00000000000000000000000000000014360933735262005
#[v_choice,55]
%0.09615521330507255,0.000000000000000000000000000000000014472322127724842,0,0.0000000000000000000000000000000000010734602942604806,0.0000000000000000000000000004236556928536481,0.23076923076923078,0.4038461538461539,0.0000000000000000000000024473809368875792,0.26121738193028043,0.004006010066837512,0.00400601008242493
#[v_choice,56]
%0.0000000000000000000000000000000000000000000000000000000000000000000000000000000000000015789195183874728,0.0000000000000000000000000000000000000000011041388264921245,0,0.00000000000000000000000000000000000000000000022586468718352233,0.000000000000000000000000000000000000005134829500099622,0.2,0.6,0,0.2,0,0
#[v_choice,57]
%0.4385964912281181,0.012291013654587301,0.000000000000000000000000000000000000011929810155212366,0.010251894413761837,0.000000000000000000000000000000019586978735663035,0.2757027059412559,0.14035087719298248,0.0000000000000000003121748845917487,0.12280701756929455,0,0
#[v_choice,58]
%0.20635211858173436,0.000000000000000000000000000000019972390661922502,0,0.000000000000000000000000000000003620870891598604,0.000000000000000000000000003432347294820798,0.1904761904761902,0.3492063492063499,0.000000000000000004460003713327153,0.248244734168236,0.0028603037812583256,0.002860303786231154
#[v_choice,59]
%0.09375000000001044,0.000012544176779571962,0.00000000000000000000000000000000000002622144953542009,0.019919679807269025,0.00000034940629579546284,0.23006777601594092,0.37499999999999994,0.0000000000000000019858012755259223,0.28124965059370416,0,0
#[v_choice,60]
%0.22000326714241863,0.000000000000000000000000000000004724618598083406,0,0.00000000000000000000000000000000030942318573737477,0.00000000000000000000000000000000015358640497249794,0.32000000000000034,0.30000000000000004,0.000000000000007625771170997444,0.140000000000104,0.009998366397221075,0.009998366460248324
#[v_choice,61]
%0.32258064516130314,0.0001766649944691417,0.00000000000000000000000000000000000000014153531740511455,0.00013500224614526992,0.0000000000000000000000000000000020536790825003603,0.24162381660613194,0.22580645161290325,0.000000000000000006158793242645602,0.20967741937904733,0,0
#[v_choice,62]
%0.00000000000000000000000000000000000000000000000000038646281123321865,0.005703473876033852,0.00000000000000000000000000000000000000000000000000017864157983108893,0.004877017997379879,0.000000000000000000000000000000002002299729028531,0.3505306192037019,0.33333333333333337,0,0.3055555555895511,0,0
#[v_choice,63]
%0.28947368421054875,0.000000000000000000000000000000000041653672908792097,0.00000000000000000000000000000000000001680287052977865,0.02631578990017609,0.0000000000000000000000000000000042278108011139957,0.28947368374223764,0.21052631578947373,0.0000000000000000003442679408137717,0.18421052635756377,0,0
#[v_choice,64]
%0.3835673481400298,0.00024322556753684962,0.000000000000000000000000000000000000000009319023201130872,0.00019414781078075437,0.0000000000000000000000000000000011900128910568032,0.24613796903635649,0.1917808219178083,0.00000000000000004836833526406185,0.1643835616590521,0.006846462879575061,0.006846462988860961
#[v_choice,65]
%0.2361111111111339,0.001686948105100435,0.00000000000000000000000000000000000000009774020705949267,0.0013908169476037058,0.0000000000000000000000000000000002877143456756868,0.20525556825424865,0.2777777777777778,0.0000000000000000000004717284478840972,0.27777777780413554,0,0
#[v_choice,66]
%0.3125046083267118,0.016358951620667046,0.0000000000000000000000000000000000000000006353392532907805,0.014891048328739161,0.00000000000000000000000000016098332532271402,0.18749999952926097,0.25000000000000006,0.00000000000000000041176792906411855,0.19586317059194666,0.01144111078434831,0.011441110818326128
#[v_choice,67]
%0.15094479506752717,0.005055036064400976,0.0000000000000000000000000000000000000028278484702129283,0.004363427791508346,0.00000000000000000000000000016487491256390633,0.305046944895222,0.320754716981132,0.000000000000000001714609036996529,0.2134875230675849,0.00017377806619530916,0.00017377806642927685
#[v_choice,68]
%0.16000000000001166,0.011089680376700632,0.0000000000000000000000000000000000000055868789980153715,0.008910322768732295,0.0000000000000000000000000000000000852931371501232,0.3799999968285601,0.32000000000000006,0.0000000000000000007735131213911405,0.12000000002599531,0,0
#[v_choice,69]
%0.00000000000000011508541200030461,0.04665253164698668,0.00000000000000000000000000000000000000000000000000010994899082692261,0.044256557358566734,0.00000000000000000000000007053526448595909,0.36363636316279013,0.18181818181818185,0.000000000000000000000013488921449783955,0.284519110938534,0.03955862748489952,0.03955862759004099
#[v_choice,70]
%0.20379448365960168,0.0023310237619904896,0.00000000000000000000000000000000000001008209384117865,0.015607385866168052,0.000000000000000000000020112429251671505,0.3185544811561635,0.2511848341232228,0.000000000011100234853513287,0.1911018817647569,0.00871295481766866,0.00871295483932782
#[v_choice,71]
%0.3214285714285959,0.01954269611872767,0.000000000000000000000000000000000000000021113284701173935,0.01617160285474468,0.00000000000000000000000000000000644736478935141,0.3214285581229249,0.10714285714285714,0.000000000000000024985418310770182,0.21428571433214963,0,0
#[v_choice,72]
%0.2826086956521964,0.00000000000000000000000000000030883893846767675,0.00000000000000000000000000000000000001387276526730789,0.0217391357617178,0.0000000000000000000000000000000014846052372750998,0.2826086902808572,0.21739130434782605,0.00000000000000000003359365163651452,0.19565217395740248,0,0
#[v_choice,73]
%0.3055555555555555,0.000000000000000000000010243208012736198,0,0.0000000000000000000000043401207513350166,0.000000000000000000000000000000003294815203411572,0.27777777777777746,0.19444444444444445,0.00000000000000002288232254046488,0.22222222222222246,0,0
#[v_choice,74]
%0.25862068965519197,0.013409282651426171,0.0000000000000000000000000000000000000000003823039780210243,0.01097838546461883,0.000000000000000000000000000000011570662380109825,0.2687157801074242,0.20689655172413793,0.00000000000000000771776601112006,0.241379310397201,0,0
#[v_choice,75]
%0.23300970873788324,0.0001158298646350812,0.002354027303910012,0.0000488651006113936,0.0000000000000000000000000000000020203216971924956,0.3178696272320371,0.2524271844660194,0.000000000000000020025146259991297,0.19417475729490372,0,0
#[v_choice,76]
%0.31250000000000866,0.00008040655617372317,0.0000000000000000000000000000000000000000000035591889033804596,0.00006076578222585014,0.000000000000000000000000000000003189943419583784,0.2873588276464068,0.225,0.000000000000000000026142648971992616,0.17500000001518493,0,0
#[v_choice,77]
%0.21818181818182797,0.0007626175565605865,0.000000000000000000000000000000000000005803092923809235,0.020026646148655444,0.000000000000000000000000000000004112951334778015,0.206483463338997,0.23636363636363636,0.00000000000000009283476239939719,0.3000000000677989,0.009090909157068111,0.009090909185455446
#[v_choice,78]
%0.23255813953488363,0.000000000000000000000000000000000005008077180640053,0,0.00000000000000000000000000000000000018986432758786096,0.00000000000000000000000000000000028561307758665787,0.27906976744186046,0.3488372093023256,0.00000000000000004313024714179813,0.13953488372093023,0,0
#[v_choice,79]
%0.24137931034489044,0.00000000000000000000000000000011221833489003508,0.000000000000000000000000000000000000014602044339096836,0.011494255007274752,0.000000000000000000000000000000017583342319301145,0.21839080243102055,0.3793103448275862,0.00000000000000000220582592992714,0.14942528738922808,0,0
#[v_choice,80]
%0.13953488372094758,0.018170316487717133,0.000000000000000000000000000000000000000016117657988138422,0.015426744329414757,0.000000000000000000000000000000014069603908731317,0.24547270660499876,0.2790697674418604,0.000000000000000095116830591816,0.30232558141506116,0,0
#[v_choice,81]
%0.2312253100845694,0.00000000000000000000000000000027798688803570218,0,0,0,0.5965069534162384,0.1722677364658148,0.000000000000000000003118232436838517,0.000000000033377357944629336,0,0
#[v_choice,82]
%0.3206106870229281,0.011027102700073734,0.000000000000000000000000000000000000006287279660777916,0.009055820773545685,0.0000000000000000000000000000000032152302034483325,0.2547262368056421,0.20610687022900767,0.000000000000000004792423758649625,0.19847328246880272,0,0
#[v_choice,83]
%0.3703703703704071,0.00001174194830886007,0.000000000000000000000000000000000000045752728981182573,0.022921799520992436,0.000000000000000000000000000000001374589953850464,0.29188127331342306,0.16666666666666666,0.000000000000000000039773248799053596,0.14814814818020183,0,0
#[v_choice,84]
%0.19277108433817663,0.000007710593851138238,0.0000000000000000000000000000000000000003333757801248595,0.014594827312730166,0.0000000000000000000000000000000060584875852362455,0.2263613175041154,0.36144578313376574,0.00000000000000000829600614878064,0.204819277117361,0.00000000000000000000000000000022923120926254515,0.00000000000000000000000000000022923122467100376
#[v_choice,85]
%0.29213483146069186,0.0021397640975612917,0.000000000000000000000000000000000000011001081060563112,0.031043436968050727,0.0000000000000000000000000000000024568797223279288,0.22524376518231562,0.25842696629213485,0.000000000000000022007810004251183,0.19101123599924577,0,0
#[v_choice,86]
%0.34545454545456905,0.00006359445225004956,0.000000000000000000000000000000000000000000005747016685657856,0.00005209542090306849,0.00000000000000000000000000000000028279003352834635,0.2726115828472102,0.27272727272727276,0.000000000000000003164505678403085,0.10909090909779488,0,0
#[v_choice,87]
%0.3839164231985732,0.004877709859910822,0,0.004259794867144436,0.000000000000000000000000000000011765026919226872,0.26115411492564444,0.17559867457949951,0.0000000000000000004248638846286319,0.17019328256922767,0,0
#[v_choice,88]
%0.35135135135138756,0.014363027265250366,0.0000000000000000000000000000000000000000011582025226990861,0.012004177888731224,0.0000000000000000000000000000000018805030622493415,0.21687603805053265,0.1891891891891892,0.000000000000000003268263002987643,0.2162162162549089,0,0
#[v_choice,89]
%0.19999999999999996,0.00000000000000000000000000000000004435423091337349,0,0.0000000000000000000000000000000000021828154520219975,0.000000000000000000000000000000005565440389985725,0.27499999999999997,0.3,0.0000000000000000000012858880938571445,0.225,0,0
#[v_choice,90]
%0.3972602739726461,0.00006976805389811622,0.00000000000000000000000000000000000000003754763400623949,0.0000564340526001219,0.0000000000000000000000000000000006773104281970006,0.2601477704803808,0.16438356164383564,0.00000000000000034520136068103197,0.1780821917966389,0,0
@v_3_del
$Dim[91,21]
#[v_choice,0]
%0.0000000000000000000000000000000000000000000000000000000000000000000000004475365412899589,0.00000000000000000000000000000000000000000006533237535989872,0.0000000000000000007167614895087026,0.0011906305656623414,0.39359708535740406,0.11140623896626355,0.08555095598807905,0.11433575991590834,0.17252425094511348,0.06966567561693993,0.027023880449876116,0.000011241309077086266,0.0000029829263508678983,0.0000000009075102035869566,0.0000000000000009005848407723028,0.00000000000000004401089012747701,0.012275409979118062,0.000005784299113630415,0.000000014575189477380808,0.012409949187977777,0.00000013901041535472106
#[v_choice,1]
%0,0.0000000000000000000000000000018379644765713948,0.00000000000000000008329877675361851,0.00009784499467189218,0.07166783935314001,0.15185717092552142,0.11393865022476828,0.11929181769582566,0.22584570271807158,0.15985505899832822,0.07818086292259967,0.02718960462022074,0.02756535100654915,0.0000002544620882711584,0.024255816302854474,0.0002540186852642167,0.000000007090094181721272,0.0000000000000021859941319073165,0.0000000000000000002898593339997677,0.00000000000000000000001934962544248928,0.000000000000000000000000001337142749778008
#[v_choice,2]
%0.00000000000000000000000000004323381641939241,0.00000000022580492982115027,0.021771121020122512,0.010667792330212571,0.10445365928046843,0.12375767802534497,0.13259530158461522,0.20218473685943558,0.09223631239528449,0.14964992947671255,0.04496111806192858,0.03790989382272991,0.047497787739893646,0.021556326622822565,0.00019144382095499175,0.01056580458106116,0.000001093146950089911,0.0000000010030074168718599,0.00000000000254961685788318,0.00000000000010021501884173639,0.00000000000000042374298123701403
#[v_choice,3]
%0.000000000000000000005701971465635842,0.00005769913099374291,0.0014320403138810712,0.1051427861575693,0.007493894540397414,0.3262767192616653,0.19025188643980093,0.018443851599367428,0.021585810937410535,0.1024669105216304,0.22506964006573743,0.0017782234285773659,0.0000005375987080431493,0.000000000004260782699031932,0.00000000000000030194088559325744,0.00000000000000000012487881607048227,0.00000000000000000000005808152201507248,0.0000000000000000000000000027253050900041552,0.000000000000000000000000000030571083515656713,0.00000000000000000000000000000003771682825845281,0.0000000000000000000000000000000000752432834883285
#[v_choice,4]
%0.000000000000000000000000009428597106422933,0.00000005184386392533675,0.03283217973123459,0.02051939386173798,0.05946339568791065,0.16134022261864414,0.21018922380539648,0.26766645606235295,0.14773456488752162,0.054364982273544506,0.04588848777800378,0.0000010413669923509323,0.00000000008279662773409843,0.0000000000000005111931124618078,0.00000000000000000001438240944291342,0.000000000000000000000023922785137393006,0.0000000000000000000000000009309651362467551,0.0000000000000000000000000000020276871400895355,0.0000000000000000000000000000000003245756251598118,0.000000000000000000000000000000000015598153576101683,0.00000000000000000000000000000000000015085944616074701
#[v_choice,5]
%0,0.0000000000000000001361057052745165,0.02523474861551041,0.00009257729165464723,0.050098145037549925,0.17564106043707467,0.1928916925712627,0.20557459636964442,0.1679382094214545,0.12847228510571707,0.02747052884924369,0.0009448823475268433,0.0000002428275231585325,0.000000000001087266380849785,0.00000000000000005758667106274698,0.00000000000000000003126596668487678,0.0000000000000000000000030815430050584237,0.0000000000000000001007912746345894,0.009314283178779475,0.016326449645452525,0.0000002983005186085682
#[v_choice,6]
%0.0000000000000000000000000047184169978609646,0.00000002543378867629102,0.02794111522864435,0.008269910991655253,0.05751884886241923,0.10984643011890553,0.10531377309596694,0.326287079637917,0.08366756587283722,0.13308924807462164,0.0035203524606545384,0.10288059025353288,0.021533171324111217,0.0006042858348699421,0.00029636193129957324,0.000000042745769239902475,0.00000000000823223097133885,0.00000000000000016885553645749395,0.0000000000000006399535815382757,0.019093120031745247,0.00013807809302848883
#[v_choice,7]
%0.000000000000000000000000000000025667366946426426,0.0000000000000000000643396179742359,0.014066448086558346,0.0486141367388978,0.006156875783637288,0.1934396564222278,0.1217543182380013,0.2701946749754978,0.0844399290006577,0.22257221912079087,0.01807695543888567,0.02068422430497745,0.0000004370914442545883,0.00000012479213301862573,0.00000000000629053097082467,0.00000000000000003024194814466342,0.0000000000000000000009163796447181658,0.00000000000000000000000003268407492620833,0.00000000000000000000000000009862200365998596,0.00000000000000000000000000000016501830678853018,0.000000000000000000000000008752060716528152
#[v_choice,8]
%0,0.00000000000000000009962898498492409,0.00000000000000000024828133409180315,0.07615644809398896,0.0644557648687369,0.08348459527406367,0.1314187449686468,0.43526841889425627,0.01759396636534548,0.15017887945795866,0.0014311729848171854,0.000000011934626388201012,0.000000000001828857614297248,0.0000000000000002395353863523577,0.04001163162655564,0.00000036548000889289617,0.00000000004916608455793577,0.000000000000000048246907619595273,0.000000000000000000008512784778636371,0.00000000000000000000003760197690885083,0.000000000000000000000000002244043917458541
#[v_choice,9]
%0.011766520714338143,0.012003332876369496,0.006009202813613689,0.08122200358756067,0.0585573998940138,0.13281625628719457,0.16311658115846067,0.2235894720889166,0.11314201972823897,0.044543507051168406,0.11186423762099586,0.02952449355119653,0.000004541080505488308,0.00573038540984064,0.006109992778025151,0.000000053359421141320744,0.00000000000014013234423367717,0.000000000000000002160863198669648,0.0000000000000000000006611125833674769,0.000000000000000000000000025351786686531357,0.0000000000000000000000000000018792585181010868
#[v_choice,10]
%0,0.0000000000000000000000000001622277333462331,0.000000000024111373304782176,0.0000000000000568652953447504,0.00000000000000004628425078342409,0.00000000000008798108086715714,0.000000000005216724775171336,0.0000010834320817462088,0.0000042001751729708965,0.8199553499471872,0.08590829717603315,0.009423901187748582,0.03855812247135219,0.010066807417868315,0.02160734225584136,0.01191804305240342,0.0025568293203315066,0.000000023533396730326673,0.000000000001109668745591075,0.000000000000000021787644379406125,0.0000000000000000000007342285379971304
#[v_choice,11]
%0.0000000000000000025218133512883374,0.007447237551927711,0.0059384062226329,0.04185484243093342,0.053370245112330156,0.11367631021304518,0.15011114517332244,0.19491799069776936,0.15852107038239258,0.09088292014259254,0.009076400856185714,0.05283506323197151,0.014644517232467543,0.026727785762187272,0.022332674434601504,0.004446661874067552,0.02318507690419456,0.008784432575839786,0.01161578748548634,0.009630714393234376,0.0000007173228177183756
#[v_choice,12]
%0.000000000000000000000045574881911205896,0.0000000000000000003267672581160708,0.029513309472591363,0.10657531490102633,0.10611970664298781,0.12176215625627376,0.1487252433854434,0.12054688777874385,0.16942351604775777,0.09887131998210058,0.06528940846321028,0.013320483543994812,0.0044118866638928455,0.014255360476244075,0.0005238122908195593,0.0006615819803078608,0.00000001211441609426138,0.0000000000001895137984740363,0.000000000000000004323071950082491,0.000000000000000000000007648909169752747,0.0000000000000000000000000009206559541082817
#[v_choice,13]
%0.008806906608112421,0.00000025264066806791797,0.021384264307659013,0.065283903749734,0.1312897391690144,0.07767871263809434,0.10959779772661461,0.18881017900699795,0.11524748226017642,0.05129573795881756,0.15668691078373373,0.0650504488631581,0.000017963782310741948,0.000000043228907308592535,0.0000000000027749518683751402,0.0000000000003337590943856161,0.00000000000000005981478266947808,0.008346582855135419,0.0005030718159879848,0.000000002601740901361776,0.00000000000002787853713500218
#[v_choice,14]
%0.0000000000000000000000000006040773325993,0.0000000033460643415156147,0.000007085276770219919,0.044578494839552604,0.04917628826592441,0.1145378932979469,0.08724107323258046,0.3279129952659367,0.16387897595234477,0.05671417565898186,0.08436066529771526,0.030631160409683035,0.0007317313624888428,0.012095511345059009,0.02729144177644174,0.0006359221657197395,0.00020657875861492057,0.000000003748159594900224,0.000000000000015519992473015035,0.00000000000000000010737652877702175,0.000000000000000000000003426086972348217
#[v_choice,15]
%0.00000000000000000000000003079025354045854,0.0000001684693376272043,0.0010370788587245917,0.02348402080500552,0.01870478651092923,0.18602682630152698,0.05488779783799041,0.47171430443348106,0.04537827713217435,0.17403547270590866,0.0006875685156368118,0.0240434958579341,0.000000202561666936422,0.000000000009683585747761213,0.00000000000000020192215500206627,0.00000000000000000000035686389410421836,0.00000000000000000000000002249649789533537,0.0000000000000000000000000000038120076323874234,0.000000000000000000000000000000006923796949606304,0.00000000000000000000000000000000000017341633333142733,0.000000000000000000000000000000000000004104185625878421
#[v_choice,16]
%0.009185021600877776,0.00222895240236027,0.016531349312499458,0.06073207715787173,0.10330172240974533,0.1054507538567281,0.10070064346100492,0.20299107128894608,0.13434918585339614,0.13106215772858715,0.0220425983716143,0.06121615604356198,0.030701970802662192,0.0001323578452113124,0.00000015251958141659919,0.000000012474180155891427,0.000000000000207200380585828,0.000008751261140251435,0.008344178147255158,0.000014426447260822403,0.011006461015308434
#[v_choice,17]
%0,0.0000000000000000000000000000005745797509799531,0.00000000000000000025065969115820342,0.0000006439203380618481,0.24056831945264917,0.4750436807435654,0.05898191701247316,0.13864972907092588,0.03194608367374186,0.054798951357058076,0.0000026433505689520585,0.00000000017842798781839676,0.0000000000000058742721042816225,0.000007996224704718002,0.00000003501395889979625,0.0000000000015817918420038879,0.0000000000000000628869762001864,0.0000000000000000001074016142446757,0.00000000000000000000022908915117745294,0.000000000000000000000000004382579980160109,0.00000000000000000000000000007947968438341803
#[v_choice,18]
%0.000000000000000000002026069213649337,0.0000205384574492553,0.000490830762867642,0.010445421193165315,0.04766144933760297,0.2746416294683093,0.05315058324128953,0.1526020798589481,0.12188834818778127,0.2229598579052698,0.11447329909326108,0.00166490165540411,0.0000010608378841193049,0.0000000000007676110913016268,0.000000000000000014065810639209387,0.000000000000000000004631562104106101,0.000000000000000000000006345891356757809,0.000000000000000000000000009329626453463647,0.00000000000000000000000000003550844909243024,0.00000000000000000000000000000005307294748842863,0.0000000000000000000000000000000002562710207823539
#[v_choice,19]
%0.000000000000000000000000010442095203887226,0.000000007456496915239971,0.02555349410001903,0.10576954286728919,0.1525126317308066,0.09354518589817701,0.13515834062596274,0.22760133137204397,0.08805363664894932,0.02405254736861064,0.0431680356456191,0.08577985001747505,0.00009085867361387429,0.00009045355456419557,0.01862391648290029,0.00000016755705041638114,0.00000000000042158267341705216,0.000000000000000007577415603494994,0.000000000000000000000006694502217290315,0.000000000000000000000000004623917581648982,0.0000000000000000000000000000002025762391466137
#[v_choice,20]
%0.03883330965326255,0.003883177376905376,0.00002472476124692146,0.04946331744154288,0.08137452568541044,0.14466368897706067,0.014067923712913237,0.39762574496540837,0.05397924027481399,0.20023648041145944,0.0015580032438011072,0.0000019846213295020633,0.000000000018255105121168045,0.000000000000009956151630217171,0.014241212310257729,0.000046651232207858476,0.000000015281187204401997,0.00000000003271597488707395,0.00000000000021174993397072345,0.00000000000000011391202652891897,0.00000000000000000004689886602717254
#[v_choice,21]
%0.000000000000000000000022158793883123504,0.00000016540576833220486,0.01803046412512245,0.0005245192335900819,0.04957383788042606,0.1621407645104612,0.03728347568762106,0.12419623400041621,0.3238767397679997,0.08321239365535825,0.14821766874468484,0.04885388833178789,0.004089845600994137,0.000000003055755360959362,0.000000000000014399589911035396,0.000000000000000001874065119332183,0.00000000000000000000010465459121280135,0.000000000000000000000000005112005791493944,0.000000000000000000000000000002736468073083467,0.000000000000000000000000000000001111211063038632,0.000000000000000000000000000000000001434857418860005
#[v_choice,22]
%0,0.000000000000000000027638817748730215,0.004925453988529848,0.0000017948171235365942,0.000000009314713866327609,0.00000000021861194546905332,0.000000022722624510298083,0.4553744678838545,0.2313618745050449,0.11674932672155966,0.12226954320197769,0.012196840622032069,0.044180503434678935,0.012940053647412702,0.00000010891669819600935,0.000000000005137573623835274,0.00000000000000010127636521584831,0.0000000000000000000017207157228233106,0.0000000000000000000000010860193048094095,0.00000000000000000000000000005555835297268594,0.000000000000000000000000000000007901581352405316
#[v_choice,23]
%0.000000000000014670755724094202,0.0000000000213179346132633,0.034758673271990344,0.000001294015677681031,0.0013109882867529128,0.00009610451586219679,0.000013135364720323184,0.4482390488057258,0.18691594942320292,0.09745400537284947,0.1788063482963052,0.03761554526515417,0.0002346906807414271,0.00000010658237643584912,0.012949863626837489,0.0006560107852933934,0.0009482272127489905,0.00000000847239584397525,0.000000000000032743350575152614,0.000000000000000010666000235744027,0.00000000000000000000017082911172627945
#[v_choice,24]
%0,0.0000000000000000000000000000000000000000000000000000000000000000000000000000000000000021719137160786314,0.0000000000000000000039085650101197374,0.000000000000000026006119964364406,0.000000000000000035416449995130167,0.00000000000000032518763465607784,0.002826768880202028,0.22560631802152797,0.27795450888732404,0.3102780648022815,0.0991739339339317,0.0841362515796774,0.0000241537930218615,0.00000000010202801554600391,0.00000000000000500123851525943,0.0000000000000000010763210616910987,0.00000000000000000000011278641736734614,0.0000000000000000000000000029642156859386406,0.00000000000000000000000000000019575036826785347,0.00000000000000000000000000000000009700947824958276,0.0000000000000000000000000000000000052990806015527336
#[v_choice,25]
%0.000000007076032028677417,0.0000000000003302848567943652,0.050577053056458036,0.061704864686948115,0.07170233529834287,0.03920891744649888,0.09366592796041939,0.32232788574061555,0.09616798294992068,0.2642753972769426,0.0003652650549598524,0.000003028838974580684,0.000001314576648521431,0.000000015410131326474846,0.00000000462382738953456,0.0000000000029492536526322647,0.0000000000000006377611793041761,0.000000000000000000004332528403472586,0.0000000000000000000000000572477201506529,0.000000000000000000000000000015879642416402325,0.000000000000000000000000000000007957462902521101
#[v_choice,26]
%0.0000000000000000000000000017477582101071168,0.000000002823265730714187,0.0237027202998848,0.09707377127810542,0.057494216827779845,0.1361693740696753,0.11843974990980163,0.25281635317760104,0.06035665736469852,0.16980336510824978,0.024122314273536817,0.00034213711107528174,0.04178344653072552,0.000628834397815494,0.0008813423791963592,0.016384998413915094,0.00000071460388415997,0.0000000014298413883960286,0.0000000000009089154384199026,0.00000000000003879607447269407,0.00000000000000008568090971786627
#[v_choice,27]
%0.004413831367683831,0.000013297370732296041,0.018929596121306503,0.07324056833053748,0.07137755562915968,0.08842678296334475,0.11244312531083436,0.16739389732604731,0.07031628136447822,0.08724097978661798,0.09039634009570913,0.07253408067393609,0.037982797180317135,0.030019374968069237,0.0155202301294565,0.037800414050135595,0.0000403502686173046,0.0000957684791952319,0.006165178061050959,0.006469394624770538,0.009180155897999868
#[v_choice,28]
%0.000000000000000000000000022928765587255595,0.00000012655308998381737,0.0010852673378282756,0.02693810289035909,0.08201353660004425,0.07504263319167355,0.12537724321174948,0.3716789014202676,0.12256334979215311,0.08658321036800112,0.07429258324489985,0.001321976569866744,0.0018487564887730698,0.000000575235987034714,0.000000000007304885522733637,0.014163842562304416,0.017089739711404994,0.00000015481135929475955,0.0000000000029331439014522218,0.0000000000000000261052063641231,0.000000000000000000000047108579061304133
#[v_choice,29]
%0.0008435562054602825,0.02035001065374273,0.03371030295649233,0.07738914745131653,0.07595794754679708,0.11032683183793818,0.08839478244643639,0.35493061747531607,0.008679263414485803,0.20391213086121437,0.0003580352190178387,0.025147278000988045,0.0000000959198218814294,0.00000000001097208278502361,0.00000000000000034781335752931374,0.000000000000000000034716432595715633,0.00000000000000000000002331834347596472,0.0000000000000000000000000014370810425774582,0.0000000000000000000000000000004573100163171319,0.000000000000000000000000000000012988769340240851,0.00000000000000000000000000000000005049524675755248
#[v_choice,30]
%0.008413792531889413,0.009646586267440513,0.02682496077281865,0.03876281769944395,0.09881977512283671,0.13575629163263753,0.08878594040722267,0.2467105893694371,0.12346454787877449,0.06889992936784921,0.08504537309649231,0.020465010152499602,0.02076224705073339,0.0015461145476522629,0.017086186259745107,0.00000017788939180711742,0.0000000000006032028499940327,0.00000000000000012055657574930792,0.009009602382155538,0.000000057569952145428056,0.00000000000042446492342401717
#[v_choice,31]
%0.0000000007526958116828433,0.00000002751538614865703,0.00001553996967297912,0.010054235760391049,0.21291409404618766,0.09018996110191638,0.09220501969747388,0.16495217787000657,0.20183024363536897,0.10190829735203655,0.026369955912822804,0.08282441504411076,0.00006671451880296115,0.0000000003399062529847493,0.0011460992059615352,0.015523209200251626,0.000000008076987803324577,0.000000000000020273454444210843,0.000000000000000000017769901539353012,0.0000000000000000000000002636416499324625,0.000000000000000000000000000010556476842436531
#[v_choice,32]
%0.00000000000000000000034531059232946733,0.000011324620063438642,0.033657031226902584,0.14096287669003532,0.13190189420210896,0.16608688530854945,0.1553636229420454,0.22459553032641116,0.04208645707494059,0.08289322741701666,0.008109266120461164,0.00399156557688582,0.000010004731391552085,0.0017482823596300246,0.00858189790718374,0.00000013347972000919382,0.000000000016654115115307206,0.0000000000000000187676102274284,0.00000000000000000000027899253115893614,0.000000000000000000000001522728397671968,0.0000000000000000011123809904980797
#[v_choice,33]
%0.00000000000000000010366784306757825,0.02887454844079902,0.03346317451502658,0.0009899575866561849,0.0888097446669567,0.1563443024272908,0.014156391190425433,0.07288005875926526,0.1458741959294856,0.21249113064307304,0.0743875011302221,0.13096876731563992,0.008184444801067026,0.032574342125522696,0.0000014403997581977504,0.0000000000688100544396012,0.00000000000000142356641279037,0.00000000000000000002568875490016685,0.000000000000000000000020852177695950922,0.0000000000000000000000000023528811473291537,0.0000000000000000000000000000005830669493717136
#[v_choice,34]
%0.00000000000000000000000013850684743986947,0.0000004779815705073232,0.0011681509544434184,0.027856699819053473,0.022258568867085143,0.12801017410441842,0.07159507339930063,0.30189706723777765,0.1438608030069879,0.2503553396406464,0.001713276097038397,0.000002316751280811451,0.0000000006300636327501013,0.00000000000000037793837067308495,0.000000000000000000010442546495093668,0.0000000000000000000000008639784413354532,0.00000000000000000006637817317985026,0.0000000000000000000000012098363442261007,0.000000000011559156949822229,0.0236008603175248,0.02768119118124928
#[v_choice,35]
%0.00027862732529650055,0.010030882136936498,0.013364388147278002,0.01675326571813183,0.07175986305134313,0.08977452766144221,0.11821607603669466,0.19347166892442882,0.04817801182949347,0.23663694332143165,0.0362874982804369,0.03163700424719122,0.04366579942443989,0.00005457930042240054,0.00000002875818201916182,0.0000000011635889415453427,0.00000000028836882200081737,0.007781537897325453,0.08174317083830338,0.0003650883570060994,0.0000010372922581746547
#[v_choice,36]
%0.000000000000000000000000000015336281057502527,0.0000000000022255073938584606,0.0506706756720672,0.001310515633485249,0.10266816871118516,0.21892375541262127,0.1226408047565776,0.15633552396339326,0.13147466885840522,0.21594500021237456,0.00003064291769735494,0.0000002437866750363158,0.00000000007329190834359662,0.0000000000000006133521022953073,0.000000000000000000050913155610547676,0.0000000000000000000015345861141895484,0.0000000000000000000000010713535628455091,0.00000000000000000000000000001202920880844654,0.00000000000000000000000000000008663178188213308,0.0000000000000000000000000000000003885785371013502,0.0000000000000000000000000000000000013006406123694553
#[v_choice,37]
%0.000000000000000000000000000018624651139443656,0.00000000007828939674862495,0.0000007954463567665278,0.03169151003470382,0.12147980841375665,0.12064565939464032,0.032176708542587855,0.2805753174292627,0.11531614278991394,0.13892501067351978,0.11804780255351116,0.04112557099442964,0.000013324970469853938,0.0000023449860715768997,0.0000000002362150849753758,0.000000003456148210679202,0.00000000000012311575736551956,0.0000000000000000010790133308846443,0.000000000000000000000013318265134538783,0.000000000000000000000000004018235523204075,0.0000000000000000000000000000012581621295974662
#[v_choice,38]
%0.00000000000000000000000000000000000000000000000000000000000000000000000000000012212903658181129,0.0000000000000000007287046013246756,0.0035553012450060114,0.00003731247696536011,0.00000041269313262677855,0.00000000022417823302168134,0.0003162964209419103,0.4383350581713122,0.19821503996290724,0.13062610195198243,0.12547085605984887,0.0374207541070313,0.026176927084248187,0.017931665874613898,0.00000020490610772270832,0.000000000012965438142185815,0.01012115976308271,0.011394413303908097,0.000001290660042440733,0.00039688286586090195,0.0000003222158645337862
#[v_choice,39]
%0.000000000000023662215794674828,0.000000008554584489276643,0.029037288698842086,0.09317041248536534,0.1170464337240352,0.10639360073413068,0.09874021360005572,0.2318100091357307,0.10423599100227358,0.07722207027719803,0.027470712666015515,0.04512438512097304,0.06106447161728817,0.000058607012564849324,0.00000003034220940838335,0.0011309852279904734,0.0004972364673838755,0.006997539685729057,0.000000003647444190770692,0.00000000000016165176095298803,0.0000000000000000029546452592460706
#[v_choice,40]
%0.022961446175327967,0.000002031082870974638,0.002592432893042133,0.015202977967897692,0.06448439814160116,0.11585139739439904,0.07331609937833822,0.26351203813332724,0.06260229768600303,0.19954253521002496,0.030478313917393533,0.000023772892467798847,0.0000030301456521895685,0.00023723001359669054,0.013392139213951715,0.0000012552063367194297,0.00000000021898678074891693,0.02858881880942418,0.10670605576251639,0.0004988883402422778,0.0000028414165993484793
#[v_choice,41]
%0.0000000000000000000000000022307766497151657,0.000000004830483106801727,0.000015536403180447756,0.0621251048702338,0.10758735439080064,0.15540210506575994,0.0802014792328711,0.34746083835699,0.15954055072992437,0.03636367889831836,0.030025352458637005,0.000001398952057838858,0.0000000000182473128880472,0.0000000000000012891694253453415,0.000000000000000000025700524560064793,0.00000000000000000000000006569473134304073,0.00000000000000000000000000003349647813869465,0.000000000000000000000005996717235326829,0.000000000000000000000000017262088258842945,0.000000000000010861364841007272,0.021276595792483834
#[v_choice,42]
%0.00000000000000000027445253138479683,0.003509890285393642,0.015330106233096987,0.06560590089468922,0.1201950140778293,0.12808136518956384,0.12307890587086465,0.27324375236160464,0.07076050752053831,0.1044391861280773,0.06971969778319363,0.01256391457043515,0.013471523671012538,0.0000002354113424499039,0.0000000000023581984014935522,0.000000000000000003615818552070429,0.00000000000000000000015327895583645131,0.000000000000000000000000032248564113156795,0.00000000000000000000000000000025973458686972696,0.0000000000000000007544139335250073,0.0000000000000000000011504418332455846
#[v_choice,43]
%0.037088728423535756,0.000007877858818097194,0.006690409410185605,0.050640915057560215,0.06826160763500586,0.09989149167014665,0.09019488003045165,0.22106250797518093,0.07108931959486262,0.1322182267869976,0.11728036059544528,0.05197462379248425,0.005578784590160694,0.005432201704075254,0.00468377492207933,0.000059070459226092315,0.0018973632328960397,0.013432579326520831,0.008813775247822966,0.001895608176284326,0.011805893510260047
#[v_choice,44]
%0.000000000000000000000000000029472694344332745,0.0000000001481325181009186,0.0000014417579709277752,0.0330928461286531,0.10407186598434766,0.09660305575289783,0.0705142829625505,0.2508877209323355,0.058376314730311366,0.2587620747929626,0.01103727332771103,0.06839509554970623,0.03834583435445124,0.00008571429728824144,0.0019331141006834723,0.007893035886280661,0.00000032929364848923766,0.00000000000006884585351505664,0.0000000000000000031161977544651992,0.000000000000000000000034016933145717365,0.000000000000000000000000002095310399970307
#[v_choice,45]
%0.00000000000000000000000005307026063749061,0.0000002957642014456034,0.00001400688402088258,0.1153710824105193,0.01866800539109605,0.17891167843162295,0.06984517351363412,0.3795404294908422,0.08615153848122986,0.06023087942667576,0.02780920793996522,0.021625195299986345,0.000003180243803888584,0.04182890176725136,0.00000042490754989120764,0.000000000047599891825012873,0.0000000000000005944685301842864,0.0000000000000000000033786978102059903,0.00000000000000000000000001307636614969984,0.0000000000000000000000000000004844818802347759,0.00000000000000000000000000000000004948453599716792
#[v_choice,46]
%0.00000000000000000000004858518535157574,0.0000000011001400989493488,0.05114444288835566,0.03526090423812864,0.028007039747559144,0.13550538894989614,0.0706703795242507,0.12764968946446448,0.19333568625935715,0.13249559603932592,0.0825525987920461,0.043923841774021755,0.043074456669481634,0.039122581190695546,0.008916751974217138,0.0000009992579358004456,0.008339560227291279,0.00000008189855943740343,0.000000000004265894254868754,0.000000000000007364119161002405,0.00000000000000000653318783994146
#[v_choice,47]
%0,0.0000000000000000000654103576547513,0.00000000000000000032348988756393725,0.05782217015987886,0.058310820043425526,0.06939383372807649,0.08529731617846702,0.356471819256342,0.02151433592409827,0.30101849669139596,0.00016912634152894395,0.00000003837440352668939,0.0000000000007401796315671727,0.019658240925069886,0.030343334389336455,0.0000004679284724436532,0.00000000005876388826732302,0.0000000000000005349973240334965,0.00000000000000000004122226505064275,0.0000000000000000000000276617647884231,0.0000000000000000000000000022845116697524892
#[v_choice,48]
%0.000000000000000000003471068138814068,0.00000000000000000000035544735087604924,0.0000064421815276048505,0.025877080348162385,0.10049101522407647,0.24469621618667026,0.171174176300282,0.06418286660128343,0.10868546811606092,0.21117866487878284,0.07357475165919886,0.00013328767345658341,0.000000030830294386817315,0.00000000000020407187978100123,0.000000000000000013234057044836451,0.000000000000000000004646268679887029,0.0000000000000000000000010493421905163155,0.000000000000000000000000000004534408162159042,0.000000000000000000000000000000026521667509491496,0.00000000000000000000000006539874139097493,0.0000000000000000000000000000037503587009739205
#[v_choice,49]
%0.0000000000000000000000706304719336141,0.0000005587395118171432,0.03638494243575648,0.0006664500165615582,0.0946417003326023,0.1891183191342746,0.09786784487683427,0.04705625301106102,0.20387100639291178,0.13670916540765726,0.12226497208054458,0.07131047890832884,0.00010829404348752252,0.000000014619998957823248,0.0000000000004687965534252339,0.00000000000000007590659921927425,0.000000000000000000007787325239941224,0.00000000000000000000000759847613101034,0.000000000000000000000000001297321023664455,0.0000000000000000000000000000005986048614560073,0.000000000000000000000000000000009566938787976619
#[v_choice,50]
%0.00010979568010941518,0.00594163739351921,0.015380149848930286,0.0578719829480969,0.07654449464139274,0.10379202216051783,0.12602044965822087,0.21762809740232802,0.13596984410212892,0.12530429374006544,0.039897910963680956,0.043036065252236445,0.02143317967868617,0.011962044725545398,0.006034743416132114,0.0005161449951376132,0.0000522513385401016,0.012471080682759476,0.000033803571731003816,0.000000007784566306462366,0.0000000000156745727884091
#[v_choice,51]
%0.015842301632369608,0.005351079212517243,0.000022449859511516435,0.03847017549158737,0.05409666771147489,0.0697421490928063,0.0927359407253216,0.35540722919676293,0.07275041190812154,0.1367287281906041,0.05038486445192146,0.05420286572062057,0.04079439989268557,0.006328559151381745,0.007142071389068572,0.00000010635998584125686,0.000000000013259267304376871,0.00000000000000012747850467231813,0.000000000000000000030046254623952323,0.00000000000000000000039433470938852583,0.0000000000000000000000005003610858361451
#[v_choice,52]
%0.0025370375180339398,0.02060981047833732,0.00008230883973665006,0.031043164769269008,0.1627385928529372,0.06942641250167134,0.21307403289534171,0.22606739948277496,0.13828288706327307,0.09949067196239582,0.01334008075788592,0.00003505753287431135,0.000005346402356912689,0.0000000018641050276070853,0.004659092697945107,0.006979999049884883,0.00000006188371447954391,0.000000000002956158714670285,0.00000000000000013662288462313098,0.0000000000000000016248083316110047,0.01162804144450609
#[v_choice,53]
%0.000000000000000000012656361450232224,0.00022767739993369502,0.054377767894319126,0.08937041257216496,0.08502965647453992,0.15163277523075788,0.16419460865924107,0.09540933586535863,0.08932680039574058,0.1513937778915698,0.05589587940040913,0.030841254890881725,0.001144996115011153,0.031122344521499475,0.00003271255161847,0.00000000013695420152793944,0.00000000000000008490427635676089,0.0000000000000000000020905983450361517,0.0000000000000000000000003102247198088752,0.0000000000000000000000000000005586597340307551,0.0000000000000000000000000000000002892116188633346
#[v_choice,54]
%0.000000000000000000000000006135288638753224,0.00000003402848470073188,0.000036599728830413556,0.09222250630225191,0.054713818733214126,0.2024493011690461,0.11016593511570986,0.4811920073086532,0.0003599034419633108,0.0000024036938885913533,0.0002963377667253788,0.01734651069995828,0.04119720529000419,0.000013819558618445952,0.000001624846016430833,0.0000006689221474419178,0.000001322994087043077,0.000000000400399046077672,0.000000000000001460897412576744,0.00000000000000000006691309533561553,0.000000000000000000000012275734069961524
#[v_choice,55]
%0.0000000000000000000000000000000000000000000000000006007620920583983,0.0000000000000000000000003897253249356424,0.0000000000014255761535774033,0.0000009996526438187065,0.24192217225752727,0.19089802324135519,0.20485099488929268,0.16605156304012614,0.12992353830784273,0.04482510823476711,0.0022865787997977055,0.00000004054677750395528,0.00000000006778202644592788,0.01924090980708174,0.00000007114601439745507,0.000000000007566317911407365,0.000000000000000006745084733082891,0.000000000000000000001862293981089615,0.000000000000000000000000040885959190444305,0.00000000000000000000000000007971461509786593,0.0000000000000000000000000000000005967145970456255
#[v_choice,56]
%0,0,0,0,0.000000000000000000392073153916944,0.006143435292109913,0.27520414770810603,0.08629387461488822,0.023488888676618847,0.1138546835569407,0.23287816639031522,0.26213450328070065,0.0000023004793247510605,0.0000000000009958033884380089,0.000000000000000019212129601810145,0.0000000000000000000005370500193380944,0.000000000000000000000000938077717986392,0.000000000000000000000000000020425245132920004,0.000000000000000000000000000000007335359929275558,0.000000000000000000000000000000000005885048216296299,0.00000000000000000000000000000000000012099219639733263
#[v_choice,57]
%0.0000000000000000000000000006239521702093601,0.0000000019862341194190043,0.015694592653466854,0.04986373193099154,0.08367848972741497,0.19788430569091423,0.1404508660568482,0.24816951555551814,0.09313539232156405,0.05724077897952086,0.04160940807891953,0.019677670157896683,0.0000006733828553221266,0.0059507076811501445,0.029093624193473683,0.000006187256846165191,0.0000000019233465473867207,0.0000000000007927202362915984,0.0000000000000013837732717023658,0.000000000000007752225465166586,0.01754405242223702
#[v_choice,58]
%0,0.0000000000000000021535236715360064,0.017847993143154776,0.0547846710716725,0.10713072046159408,0.21709424506711344,0.09353342472242666,0.1163831124263645,0.15232319070256523,0.085375504080857,0.052651580953721945,0.026919905401534022,0.0746802129970712,0.001261303821289317,0.000014134934136874645,0.00000000021649608782156095,0.0000000000000025829252791463957,0.00000000000000000020994751762351564,0.000000000000000000000012198317427685961,0.000000000000000000000000000050912694619547,0.0000000000000000000000000000000055120034345895556
#[v_choice,59]
%0.015532636851610635,0.000000011976733817976292,0.021425711567800744,0.16658147438843376,0.10378384817668555,0.09750931756911237,0.25211407044792417,0.21306690213070836,0.0646527944240163,0.034021079588263003,0.000008400399030431235,0.01567868858464944,0.00000006374786901798506,0.00000000000006435587186337334,0.000000000000000002360251299777417,0.00000000000000000000015780725554222774,0.000000000000000000000000015213075799029155,0.000000000000000000000033153287834394757,0.00000000000000000000000007744128860765899,0.00000000000022525630727630554,0.015625000146872913
#[v_choice,60]
%0,0.0000000000000000000000000013418690622205722,0.0000000002585875939284404,0.0000000000001661027879424066,0.0000000000000002364041389867007,0.0000000000000000010852925209126409,0.000000000000023337812798865215,0.000004934208993643885,0.00000004317298857956962,0.9209109573830079,0.07900976691444636,0.0000742076885318382,0.00000004933846267562038,0.00000004102898547107984,0.000000000005798161324935012,0.000000000000008194672489114872,0.000000000000000003622149923135129,0.000000000000000000005209356566728939,0.000000000000000000000007513481020535104,0.0000000000000000000000000048153937465462395,0.00000000000000000000000000005388123032646274
#[v_choice,61]
%0.024033442509658404,0.00833138874981376,0.0001611527720282215,0.030010517175809145,0.04984068746288224,0.1400901104542983,0.08994487700860951,0.3757031362046829,0.08371774604108681,0.160900796870438,0.02110617192544239,0.000030042884103250968,0.0000000009437442286696722,0.0000000000000991571594662363,0.0010147791752391025,0.014743252219198666,0.00037189725015921495,0.00000000035270664234216117,0.00000000000000008371354358062766,0.0000000000000000000005400534841908666,0.000000000000000000000000010604558620759388
#[v_choice,62]
%0,0.0000000000000000003491976365575146,0.08073479264947452,0.0205293909849441,0.00008070062742264454,0.00000017902964735994448,0.00000000004752557013226411,0.42872356040762527,0.020453498198384948,0.22896615130237294,0.041236759218161355,0.09376171399911999,0.03844593815935776,0.00008830039107548399,0.04611970051944282,0.0008593015862632174,0.000000012879110970146246,0.00000000000007116250515356988,0.000000000000000009200312447119646,0.00000000000000000000053925666744981295,0.000000000000000000000000017561389803127307
#[v_choice,63]
%0.0000000000000000000000000551656480532573,0.00000016274697585426217,0.060854467254974225,0.0562999604271427,0.0051416368617518415,0.21752869855570092,0.06341753660570991,0.3148206010449248,0.14782967600175193,0.04132442237867684,0.0005330441809430699,0.06593193929229164,0.000002064064042152269,0.00000000007765915369151709,0.0000000000000026621205926509338,0.000000000000000000009668734845239182,0.000000000000000000000000912313294675867,0.000000000000000000000006428728735756093,0.000000000000000000000000021723479914481046,0.000000000000017842067887089704,0.026315790507434517
#[v_choice,64]
%0.00038576250878188077,0.013124896327846924,0.0011175776529748394,0.035517714869377146,0.10033286545783088,0.0975484157756819,0.10059886850945238,0.25885233030210164,0.05482877951838068,0.25177090093825305,0.015170672194021557,0.016111088133098993,0.04062699853540893,0.0002944889043171133,0.0000200090092261682,0.00000000039822380740836545,0.000000000000010450076896613008,0.0000000000000000000061262650200773964,0.0000000000000000000000006543091482199147,0.00000000000000003582668903401005,0.013698630965011586
#[v_choice,65]
%0.013807991984546953,0.000005091340553870119,0.017235589656633948,0.017582259765667584,0.02678851478323598,0.08127141573355616,0.15276432487246175,0.26146744204751976,0.10174365168359893,0.23594686738624385,0.035297419272215594,0.00034798149042033284,0.008217793561224564,0.0012712634718541928,0.03234691006340925,0.0000013350318020469395,0.00000000003467058711133131,0.0139034797040363,0.0000006681145340045257,0.0000000000018143000745267246,0.000000000000000034059881776537755
#[v_choice,66]
%0.00000000000000000000000000000000000000000017172104492036107,0.000000000000000000000021674942086747655,0.000000000000000011266624135883704,0.0000015716241371698366,0.575338944677359,0.21624046275045006,0.08243941981355134,0.00012173904470683075,0.06170391440525785,0.02329794585535726,0.007807939226139793,0.030379241261780134,0.002668819923270647,0.0000000014179863453143978,0.000000000000003714832096479358,0.0000000000000000000031926075509421404,0.000000000000000000000000048905602130175033,0.00000000000000000000000000003252715448274271,0.00000000000000000000000000000000194536813222314,0.000000000000000000000000000000000000021993107718509918,0.000000000000000000000000000000000000000006988641337253396
#[v_choice,67]
%0.024073801491868593,0.0000005574423382393319,0.018230467662546213,0.08019999813149817,0.06710847313711545,0.0606275555939026,0.12878540353497106,0.13116512035373848,0.12979115179935402,0.13081452697493964,0.10499442519976589,0.06933224460904663,0.021195228797443063,0.00043102261441075484,0.014397859117742752,0.0000003728165565809993,0.006252503392883191,0.0000004061237868556218,0.00601894491198544,0.0065796375148548265,0.0000002987792517211322
#[v_choice,68]
%0.00000000000000000000016554903537095055,0.000000007131320361008393,0.09915498352537927,0.06959350518858431,0.17114152908105632,0.30660782377487034,0.16271862826369188,0.13057122963850565,0.0001592296606747452,0.00000002165222074925501,0.03733043146610146,0.022721781708400418,0.0000008288891453897694,0.000000000020048911799306667,0.0000000000000002123476547151323,0.0000000000000000000006041750771285083,0.00000000000000000000000004628716754186176,0.0000000000000000000000000000024762720126616984,0.000000000000000000000000000000000017167776931986103,0.00000000000000000000000000000000000005905027562410356,0.000000000000000000000000000000000000000013052738901977975
#[v_choice,69]
%0,0.00000000000000000000000000037713169262065294,0.000000000000030761778958819076,0.01560162303527505,0.226252656923409,0.03934964095444515,0.000792366743390771,0.00008685700849930853,0.26486806456087203,0.44994435291567747,0.0010510771929259806,0.0000000669244383938774,0.0020532640935741575,0.000000029627148401021114,0.000000000020311630025177077,0.0000000000000017894704384501524,0.00000000000000000040299323369235894,0.0000000000000000000000010043244665178427,0.00000000000000000000000007680801248333104,0.0000000000000000000000000007000073492550537,0.00000000000000000000000000000055577556846827765
#[v_choice,70]
%0.000000000000000000041897029217553635,0.0000008861970966513997,0.023628190784202387,0.0683542027481013,0.11075487632669029,0.07653447362461469,0.14627308304059428,0.1567093806012337,0.09783395834483691,0.10420596020832483,0.12971001518569147,0.02688598130683448,0.022500589510135848,0.00020783508247724556,0.0168430466471022,0.00007063623610234688,0.010299765446158682,0.000000009674581055680536,0.004002638711248814,0.005182577023549464,0.000001893300423178425
#[v_choice,71]
%0.00000000000000000000000000983148836438546,0.00000005468424148312038,0.00000006314503650204977,0.0000022515349327052532,0.13698071214346802,0.19240479133661406,0.12064463061955912,0.2577861400111351,0.04634956633171511,0.13532090126308552,0.039080748385887876,0.00000034549148198672565,0.0000000000006073049104320231,0.00000000000000020801402160955234,0.03571500093647248,0.0000003286919991995381,0.00000000001499856379653233,0.0000000000000005936659334467309,0.00000000000005392928164611289,0.03570997817425012,0.00000448723446011813
#[v_choice,72]
%0.000000000000000000000000019346511655185406,0.00000010725918942806018,0.00000012436215091386305,0.02963424922350355,0.023722324024847426,0.1788359697574122,0.14601098377088606,0.41323532854091993,0.10265270994296778,0.07370038750689872,0.000235305091317755,0.03197131567733411,0.0000011948331603194964,0.000000000009411736293611014,0.00000000000000017368964525115293,0.00000000000000000000015612066223420522,0.000000000000000000000000006014693761887043,0.00000000000000000000000000000001316523928738424,0.0000000000000000000000000000000000010922030526783342,0.00000000000000000000000000000000000000007951935428713739,0.000000000000000000000000000000000000000000009511455984659978
#[v_choice,73]
%0.0007171782948386425,0.028904542515741392,0.0004760969413292861,0.06475295375894992,0.010579959505006635,0.1601713857405174,0.10288709356931938,0.4087302176396592,0.16626975730106724,0.0004232751448772043,0.017028561044871077,0.011280001043987391,0.0000011933314218464561,0.000000000010349956901843052,0.0000000000000002440121861433467,0.00000000000000000000042203596099281,0.0000000000000000000000012827161986330224,0.000000000000007316172501172954,0.02762837964368583,0.00014897297350597877,0.0000004315408641122022
#[v_choice,74]
%0.0000000000000000000000000012985226304957323,0.000000007099232917699985,0.00005198014590174529,0.03108285807254816,0.06259313504900021,0.17284474882753603,0.10425083884019518,0.2985198035548648,0.0808726852805369,0.20247272503788197,0.047265997571082935,0.000045220246447467784,0.0000000002747714006654277,0.00000000000000024374289960791736,0.000000000000000000014167022595567806,0.0000000000000000000000008999784698391406,0.00000000000000000000000000006194446611484131,0.000000000000000000000000000000010222065454586602,0.00000000000000000000000000000000045139163593123635,0.0000000000000000000000000000000000005950267447367403,0.00000000000000000000000000000000000000159900898210564
#[v_choice,75]
%0.00970946282575837,0.00000000008991130433995195,0.000002512817875542716,0.02273379351700275,0.14101279254753216,0.10314050945896583,0.050946974198797755,0.2866758246311816,0.1212129600796427,0.12221976618813349,0.0688856898252001,0.028954227187215992,0.033789119215017094,0.0010076106131794468,0.00000001776290076760269,0.00000000000038585587818435433,0.000000000000000016008726789849258,0.000000000000000000000017442047965890572,0.00000000000000000000000004225080186676266,0.0000000000000058239814506260015,0.009708739041293636
#[v_choice,76]
%0.060690024821071054,0.0013264818484201182,0.0006026618823030095,0.03201872577356275,0.11358907254603204,0.12758682230143303,0.08410332180020352,0.24883154245462433,0.08418430557011809,0.17960707981477686,0.02111772059887309,0.007852924604937387,0.00024811026891324286,0.0001479926892820168,0.0005903895779104844,0.000000005343242885789122,0.00000000000004868335063933282,0.012493872493586152,0.0000006559310649545133,0.000000000006679853398039112,0.02500828967291642
#[v_choice,77]
%0.01832092714434153,0.000001394584571756331,0.0641095513783343,0.09468288832660185,0.10118711796589863,0.2142348750292859,0.19258903148676482,0.12383795356533366,0.018916928931903377,0.1027159104854851,0.017037612189704777,0.03310353749574814,0.019167114551983166,0.00009513038788261454,0.000000026475966445996047,0.0000000000001939668380316482,0.000000000000000003554312640931621,0.00000000000000000000005635107579235648,0.000000000000000000000000050375484752319904,0.000000000000000000000000000030518316717041334,0.0000000000000000000000000000000004305935433487765
#[v_choice,78]
%0.00000031010531505962727,0.0000003605904551339397,0.000009744543011169306,0.005954246671808403,0.09115419588186402,0.1548296933894199,0.0985803342802112,0.1790705857262386,0.15893791857606437,0.10975891097645901,0.17165667349704353,0.004813778119885936,0.025233037419539712,0.00000021021834305268294,0.000000000004340326969871592,0.0000000000000005076241381325343,0.000000000000000000037042892648347315,0.00000000000000000000000010707606787924062,0.000000000000000000000000000040572853640259057,0.000000000000000000000000000000011697901345653253,0.000000000000000000000000000000000006105921801853172
#[v_choice,79]
%0.0018926385574277095,0.007778916886849511,0.03820414184566907,0.031193424726857644,0.05776482403803642,0.13197705696647055,0.09355513287586081,0.07657698576335863,0.15857225606419703,0.171250428211003,0.09891532942787926,0.025324526825231796,0.014070504339610053,0.04872197398672031,0.043764291899558064,0.0004282739652060583,0.000009293472206809926,0.00000000014778754642796984,0.00000000000006968534673494539,0.000000000000000023400356140101716,0.0000000000000000000010797543719916538
#[v_choice,80]
%0.000000000000000000000000000000000000000014909532781687315,0.0000000000000000042090399174203104,0.01677200066948593,0.07313937515044598,0.018759982823839345,0.19504069023747145,0.151799563213141,0.3671469390003702,0.12815219211313505,0.008503237826219721,0.007534627707460003,0.0073125696450287315,0.025838041659350573,0.0000007798627303190068,0.00000000009132138694315236,0.00000000000000018146967005424504,0.00000000000000000012610857653775928,0.000000000000000000000033609370771975265,0.000000000000000000000000008445602190456909,0.000000000000000000000000000020606278820795617,0.00000000000000000000000000000001496509637013725
#[v_choice,81]
%0,0,0.000000000000000000029370503574206694,0.0000000000000000012048974531628599,0.00000000000000000005414199057035191,0.000000000000000030732390248899184,0.0000000000000005425619028042756,0.15293840049273655,0.3429637706100184,0.2668478594183903,0.23668109963614242,0.0005687148833447493,0.00000015495807799222685,0.0000000000012890017523897073,0.0000000000000000980828021810608,0.000000000000000000042679036686504144,0.00000000000000000000001670132988612483,0.00000000000000000000000000065069485505807895,0.00000000000000000000000000000646127143931579,0,0
#[v_choice,82]
%0.0075227588772241935,0.000026258279589814606,0.01343432498890023,0.05512084030606731,0.03244401698861248,0.07680214920925472,0.10718746833573319,0.13199358537660985,0.1138368890413641,0.09355891928086325,0.16983869714111888,0.10958466067923381,0.03231219335305888,0.010373088617745874,0.000030301838625206025,0.02818299313162104,0.000484281688506387,0.002531598680411888,0.014134009587166036,0.000600959409944468,0.000000005188348471478391
#[v_choice,83]
%0.02874186351978377,0.007825191997410807,0.001287562038241623,0.05370787908010367,0.11997467076065532,0.028225648560621198,0.11059160289583606,0.2830616643736997,0.12300751068574786,0.09880830829708417,0.04655350092580975,0.07811823370105617,0.01931659262054665,0.00040867561090613894,0.0003710946067209264,0.0000000003257758701847675,0.0000000000000001888468790928419,0.000000000000000000004020423433847229,0.000000000000000000000002674542141580103,0.0000000000000000000000000020896111672385665,0.0000000000000000000000000000002122908016948885
#[v_choice,84]
%0.0000000000000000000000000014230265755915593,0.0000000057252702589520465,0.035789289991522935,0.195009869050624,0.06059062241280757,0.1440624409991517,0.2311317152394368,0.1649147699846352,0.08144009939031142,0.03813224358741451,0.012764335709229937,0.0000000028859649975050096,0.012068206254355963,0.000000012736497660620944,0.00000000000010103655278616477,0.00000000000000002545938734864918,0.0000000000000000007923239568987144,0.00000000000000000000008459909473092235,0.0000000000000000000000000015489662214585031,0.00000000000000021349573314993848,0.024096386032675908
#[v_choice,85]
%0.0000000000000000000000000002174730556264818,0.000000000000000000000040737643262715205,0.0000000000000002455943895782151,0.0000002875751187111342,0.40502751487384214,0.23002171471557095,0.09277059341206716,0.13731776097725634,0.02039329814076663,0.05636415443908741,0.011513185147857515,0.0026369430774741773,0.011005293598877385,0.021636485885663657,0.000021437805959710593,0.011289991245207872,0.0000013390795888645374,0.000000000025660992890345384,0.00000000000000007027020055833617,0.00000000000000000000243898264620195,0.000000000000000000000000004482120869964561
#[v_choice,86]
%0.000000000000000000007543217237527822,0.00006383976197089665,0.031676578593373216,0.01587994025465828,0.07784579446073066,0.10611629655099507,0.08012951828567928,0.16511944403955242,0.21495036109154197,0.09487724262914236,0.10466286565673849,0.04995083408452597,0.003884617350510999,0.005430149423762733,0.012675140012927093,0.018555046050505442,0.00000033877849500232274,0.000000000006297473065304893,0.000000000000000012705423369340705,0.0008987411258262475,0.01728325184276605
#[v_choice,87]
%0.00000000000000000000001298675934178368,0.00000010170050196655563,0.00000540966207642005,0.059973818326618945,0.12833528978039208,0.35904545330923765,0.10441863742788235,0.07999570802811716,0.12073647407496665,0.10510855526578004,0.026008244115718445,0.016367632666141236,0.0000046756225961702,0.000000000019969870683847783,0.0000000000000009905121274299943,0.00000000000000000021651318812891539,0.000000000000000000000022534995349426887,0.0000000000000000000000000006116291101404439,0.00000000000000000000000000000000018975104104388901,0,0
#[v_choice,88]
%0.000000000000000000000000020766364923971515,0.000000000000000000000028049020585103496,0.0000000002603970234031037,0.0000015190321631038237,0.2962023481618083,0.10892548832322346,0.24621183116437423,0.08735830767140852,0.10953391620394708,0.08936688508502116,0.04344415553706865,0.0003003889467217785,0.008318059381319293,0.0010411245016930506,0.009060167838841709,0.00023579816480835013,0.0000000001975707238204857,0.000000009307634902391737,0.00000000019241929700557051,0.000000000020659823575950038,0.000000000008919427075095919
#[v_choice,89]
%0,0.00000000000000000008344651917658831,0.017558481373132734,0.000000020455829310829556,0.0000000373220361005712,0.00000000025367209373081216,0.00000000000020774881212350907,0.379700782871452,0.3125883085762942,0.18008014535345293,0.07763235729778818,0.03223600792809191,0.00020383223886593252,0.000000026328536869149098,0.0000000000006398665526298882,0.00000000000000009250516648692523,0.0000000000000000000053174857020095684,0.0000000000000000000000002843155755317535,0.00000000000000000000000000026285412570876698,0.00000000000000000000000000000009446927007030871,0.0000000000000000000000000000000001174087107139393
#[v_choice,90]
%0.00000000000000000000000005215864117186617,0.00000024227552742757143,0.014847572124755203,0.07224589050384224,0.09943650476534693,0.15299023069412965,0.16597830015368586,0.16872354399374195,0.09418571730336261,0.12277728911155328,0.02744556795661992,0.0659019340615176,0.015341921779728224,0.00012528349060231752,0.0000000017852868506896089,0.00000000000029989624142400257,0.000000000000000009683460018815492,0.0000000000000000000261286616054426,0.0000000000000000000000010016518653582938,0.00000000000000000000000024579226437425517,0.0000000000000000000000000015527613990945424
@j_5_del
$Dim[11,23]
#[j_choice,0]
%0.05234162376637194,0.018170107420465077,0.04782596930415073,0.0610341046987358,0.17769954492167478,0.08422909754349417,0.3208291957616942,0.11984791109891364,0.04642286769481066,0.059122994565073805,0.005731719518027223,0.002293484733024339,0.0036622225674068035,0.0006922870191408338,0.00009463878330207047,0.0000000029454585149633265,0.00000000000013694317184017694,0.0000000000000002792169755133751,0.0000000000000009607783293108832,0.000000000000000002524999798739451,0.0000022274325680099755,0.0000000002254053178846049,0.00000000000014378366555889042
#[j_choice,1]
%0.00000029932330202206767,0.000000000000000000000000000000037850465667333184,0.00000000000000000000000000000002591607603689833,0.00000000000000000000000000000005694574335950463,0.000000000000000000000000000000024620266477392642,0.00000000000000000000000000000022167258306706815,0.00000000000000000000000000000011572541899910572,0.00000000000000000000000000000012584091909541735,0.00000000000000000000000000000013854339493705342,0.00000000000000000000000000000009855068543099362,0.000000000000000000000000000000036411350861066144,0.000000000000000000000000000000000516606557618277,0.0000000000000000000000000000000039041006019530964,0.00000000000000000000000000000000026716134093739338,0.00000000000000000000000000000000001567974242372716,0.0000000000000000000000000000000000047519690523341656,0.000000000000000000000000000000000000034157922756199465,0.0000000000000000000000000000000000000000007626589099685917,0.000000000000000000000000011026924399022547,0.00000000000008222105355141141,0.9990921835948537,0.0009070734175964485,0.0000004436641655747978
#[j_choice,2]
%0.9999999999999984,0,0,0,0.000000000000000000000000000000000000010810539500486767,0.00000000000000000000000000000000000000000000000000000000000027062912832616992,0,0,0,0,0,0,0,0,0,0,0,0,0.0000000000000000000000000000000000000000000000004857804633603776,0.00000000000000000000000000008462284297573982,0.0000000000000016423988303012721,0.000000000000000004569806501843439,0.000000000000000000003686927831547878
#[j_choice,3]
%0.00000000000000000000000018362178871551124,0.000000000000000000000000010612046540206999,0.000000000000000000000000000000229458384836963,0.00000000000000000000000000000000006431854199148002,0.0000000000000000000000000000088920791216035,0.0000000000000000000000000000007424973558570352,0.000000000000000000000000000000000000918470602246972,0.000000000000000000000000000019081316267548876,0.00000000000000000000000000000020495043780865155,0.000000000000000000000000000000031429121684211366,0.000000000000000000000000000000017334598935257805,0.000000000000000000000000000000001419445404299323,0.0000000000000000000000000000000015392605069867518,0.000000000000000000000000000000004108491247813997,0.0000000000000000000000000000000004104995792692602,0.00000000000000000000000000000000008134399015754357,0.0000000000000000000000000000000000030335477742711204,0.000000000000000000000000000000000000000002105609265075158,0.000000000000000000000000020096180364651114,0.00000000000009482643997896051,0.9033980923921767,0.09659822324014869,0.0000036843675798536386
#[j_choice,4]
%0.00000000000000000000000007923303782106353,0.0000000000000000000000000000011130156931599742,0.00000000000000000000000012854257810707644,0.00000000000864985529553307,0.0043021211040083955,0.9956647843483868,0.00003309097659424077,0.0000000035601414383233035,0.0000000000022189445545779806,0.00000000000000043204495598261166,0.0000000000000000006401386830178769,0.00000000000000000000026681217324883796,0.0000000000000000000000011007171726773884,0.00000000000000000000000011705069450771829,0.000000000000000000000000021767630904666005,0.000000000000000000000000000791595151108759,0.000000000000000000000000000004214154205862476,0.00000000000000000000000000010905958436718398,0.000000000000000000005180543324734854,0.0000000000000000008060266135459912,0.0000000000000000000000197050599258145,0.000000000000000000000000002147411757037244,0.000000000000000000000000000000006777066859063944
#[j_choice,5]
%0.018639464801762474,0.05532298699503409,0.024489248636498068,0.052196675918669465,0.030490083287263704,0.2723777010947323,0.12809604761413507,0.12744192808021534,0.15954627560047846,0.053177200020078454,0.021311671684255493,0.003552546031777802,0.0037988004081040755,0.001717576336384909,0.0004410165844767007,0.0000564693214402837,0.0000000143046523330492,0.0000000000014269285715320482,0.0000000005036525329607026,0.04721398041366421,0.00009534324601980872,0.00003496591313029587,0.000000003202147145253418
#[j_choice,6]
%0.04812285857228472,0.0013767396839845837,0.06833237064849991,0.058214872970154916,0.23972410667011745,0.1964880705770372,0.060197254018821485,0.20009444185995529,0.0576937056054028,0.042575055940201494,0.01105531711151438,0.00211589322682365,0.006613980492938888,0.006817455561997965,0.0005766182870915483,0.0000012214072098624192,0.000000037362020773924085,0.000000000003943142201953593,0.0000000000000000017865584875523053,0.0000000000000000000000063163343156245614,0.000000000000000000006566409762625941,0.00000000000000000000000025572295873860474,0.0000000000000000000000000001299268994362156
#[j_choice,7]
%0,0,0,0.00000000000000004343698746220727,0.0014818604710999884,0.000005596878716505681,0.000022737682362399724,0.9977491807959785,0.00035546466029672983,0.0000016423503839576132,0.000000011343948193418902,0.000000000986046856410565,0.00000000019591052533389012,0.00000000003541664162973432,0.000000000000004251990297059612,0.000000000000000001518849032037497,0.00000000000000000002321959808844628,0.00000000000000005392917960618851,0.0000000000000000000022983376526546097,0.0000000065277274495456055,0.000000000008481869097019559,0.000000000000017092886693218094,0.0003834980636089238
#[j_choice,8]
%0.019101234424024744,0.0002473670462663372,0.08244271410893735,0.0710205163042803,0.2983555800908981,0.10827070419660222,0.13433725166585406,0.1584708271749329,0.02807631087441389,0.05661302449375295,0.019327292231841597,0.005723927669292728,0.003792232820477704,0.008233676702642204,0.0006382635171178127,0.00000534741076752679,0.00000007461567999810166,0.00000000000010086588165942295,0.0000000000000010245004686529055,0.00534304695216182,0.0000006076881148995602,0.000000000011834471547082835,0.000000000000004583835789699224
#[j_choice,9]
%0,0,0,0,0,0,0,0,0,0,0,0,0,0,0,0,0,0.00000000000000000000000000000000000000007452372322433023,0.0000000000000000000000002654896486591489,0.00000000000032156643838001266,0.9999230927492405,0.0000768404229058102,0.00000006682753212573163
#[j_choice,10]
%0,0,0,0,0,0,0,0,0,0,0,0,0,0,0,0,0,0,0.00000000000000000000000026548953575612524,0.00000000000032156643846881174,0.9999230927494177,0.00007684042272882894,0.00000006682753197209307
@vj_ins
$Dim[41]
#
%0.6878678833340605,0.1877359181054945,0.04484751594523112,0.018743672244418818,0.008470627667789998,0.005864919810172801,0.0025123566210749986,0.001607390946346483,0.00030306801640597123,0.0014988046850713168,0.005139837765981274,0.0028896914282136167,0.0036137654496130917,0.006156583469102725,0.01196067019955459,0.0050171138378407015,0.0008152534999159377,0.0007523194670569542,0.00021216091030056025,0.00008707956681012601,0.0000032261315568921756,0.0010575242547914783,0.0000003566626354860573,0.000000002789000768777811,0.000000000001180062184077256,0.0000000000000003305805524575246,0.000000000000000000003864252280950485,0.000000002257158740973877,0.0000000000777015070087589,0.0000000000000000013915957763773125,0.000000000000000000001185126402547112,0.00000000000000000000019905036752730489,0.0000000000000000000000000000006723794541926174,0.00000000000000000000000000000000000010548346341428155,0.000000000000000000000000000000000000000000009277456588429442,0.000000000000000000000000000000000000000000000003759348424892921,0.0000000000000000000000000000000000000000000000031865982696969616,0.000000000000000000000000000005948937990111574,0.00000000000000000000000000004204404632921493,0.00000000000000036403999798537635,0.0028422548555183517
@vj_dinucl
$Dim[16]
#
%0.11708493623147968,0.48703750428804554,0.23019355905146002,0.16568400042901482,0.23053620726978974,0.3202297471154854,0.25461474476681145,0.19461930084791348,0.2425524532230232,0.09631091747596907,0.2858331614097075,0.3753034678913003,0.19421197919689456,0.4012518176643519,0.08779164996345568,0.31674455317529787
