@v_choice
$Dim[3]
#
%0.448905109489051,0.21532846715328466,0.33576642335766443
@j_choice
$Dim[3,6]
#[v_choice,0]
%0.0718518567178362,0.0060982164100381285,0.27642276422764145,0.645627162644483,0,0.00000000000000109103839038551
#[v_choice,1]
%0.007798909712208194,0.8936979114068733,0.045197740112994184,0.05330543876792429,0,0.0000000000000001783961997979636
#[v_choice,2]
%0.01942427846218853,0.7355355730555002,0.07971014492753589,0.16533000355477495,0,0.0000000000000003146163778837042
@v_3_del
$Dim[3,21]
#[v_choice,0]
%0.009089304888202381,0.011502467536667562,0.011827045728634323,0.005772423425213033,0.07259588169615826,0.09745647052198997,0.12366367670796324,0.10918765245914447,0.09145371360691054,0.1788090211955512,0.050508142467942344,0.033386109627529297,0.04286859382469559,0.04764064998432525,0.007480406240143185,0.013642411641990653,0.018414554060834844,0.025400875717021498,0.002035996051751914,0.02386721081417217,0.023397391803158193
#[v_choice,1]
%0.00904613799533188,0.012591340094399895,0.06573158410487599,0.025394235497383774,0.11543969490102075,0.1027238196808287,0.156343677125827,0.08478417672228221,0.10070459402530411,0.12338474209962386,0.042964607142066256,0.02686771245741083,0.01869028772796816,0.04272701205920739,0.004328922783230397,0.043958076560400926,0.009387216435239971,0.009259163335803431,0.0000009473987214242908,0.00000000010879870474552599,0.005672051744274135
#[v_choice,2]
%0.011314843246956759,0.005323452244030984,0.011988654265619743,0.016703524646182695,0.10709845831681254,0.11538824378513902,0.131841289926007,0.0725804620062968,0.06913664993355967,0.17313710775045468,0.07821844080212073,0.04328488063572265,0.032189722902300946,0.02870855570161801,0.01420508703989149,0.03399198601274961,0.006216709818069196,0.011751238791078571,0.0009101176561949815,0.0005049802924669559,0.03550559422672705
@j_5_del
$Dim[6,23]
#[j_choice,0]
%0.00000000000000001081502922656361,0.0000000000000000025293168655603245,0.000000000000000009114828029462385,0.00000000000023052627217545796,0.00000000000008906548425068586,0.00000000000001577022096472374,0.00000000000016365053435157277,0.026385019210273638,0.0009912725490280826,0.3041224820342611,0.369879148502638,0.11414625810264023,0.06841664988730652,0.06975260084704338,0.046305839268059916,0.0000007294960254684687,0.00000000010222450091060056,0.0000000000000002336951246551132,0.00000000000000000057554367613893,0.000000000000000000000005736834610783255,0.0000000000000000000000000013124232602823013,0.00000000000000000000000000000018125946778431283,0.000000000000000000000000000000000009150598017034954
#[j_choice,1]
%0.05062895154400447,0.008030394075603887,0.03753151476607651,0.05624913259603008,0.14838962787754448,0.1134610992899994,0.0714357378911703,0.1261085847311014,0.15232070876876996,0.06465567230557652,0.048649182706872934,0.052521201339077575,0.0253944443192266,0.022585731255605167,0.022031671178394194,0.000006344122498328951,0.0000000012324468303177072,0.0000000000000014283600604003002,0.0000000000000000000023783428402711793,0.0000000000000000000000001415627387806128,0.000000000000000000000000000013844702674324817,0.0000000000000000000000000000000000012896182047948528,0.0000000000000000000000000000000000000000000000013712335552339236
#[j_choice,2]
%0.0000008975055970021082,0.000003601605134248673,0.03073731627781402,0.016003382970891825,0.07973266310471315,0.18934692532122321,0.2447763233195206,0.18510852328759972,0.11589681379857551,0.07820535300458863,0.02070502722310348,0.01690831907603755,0.005310577974464554,0.01726378979451547,0.0000004857360712722332,0.00000000000014972612045602322,0.00000000000000004304200199743117,0.000000000000000000005045089299505351,0.00000000000000000000000004443337516472263,0.000000000000000000000000000031955590064622395,0.000000000000000000000000000000004536998613225528,0.000000000000000000000000000000005830230618347506,0
#[j_choice,3]
%0.05315045137377875,0.011687522478043286,0.01022964141717947,0.08103563030057712,0.1457295473755321,0.11333591409864481,0.1662462265830009,0.1525557579993012,0.13811280302617648,0.03341844868066519,0.051692494566942075,0.015398391751514312,0.010650835310275079,0.009193714400056313,0.007562498508240597,0.00000012211294614025457,0.000000000017126099152532493,0.00000000000000003903685534114708,0.00000000000000000007718166109916196,0.0000000000000000000000006836879310089076,0.00000000000000000000000000016233201844559434,0.00000000000000000000000000000001814748659900001,0
#[j_choice,4]
%0,0,0,0,0,0,0,0,0,0,0,0,0,0,0,0,0,0,0,0,0,0,0
#[j_choice,5]
%0.0000008975080466661198,0.0000036016209136977924,0.030737507737507972,0.016003394229382066,0.07973263980515581,0.18934654290453223,0.2447760201961376,0.1851087613659673,0.11589685496086888,0.07820540460446386,0.02070499082467237,0.016908408019299215,0.005310613885646822,0.01726387659250383,0.0000004857447518864487,0.00000000000014969741474504273,0.00000000000000004156900128244384,0,0,0,0,0,0
@vj_ins
$Dim[41]
#
%0.5065400843085595,0.25022792683225714,0.11604655261593738,0.038641735081540673,0.04717293975917341,0.009682031882094768,0.0016260567022451328,0.006508786562965467,0.0010513261054539962,0.005685291563305289,0.0008512105849474496,0.002898079547866721,0.002991681587679342,0.0001277752567229028,0.0013457150100111373,0.000011044759265244652,0.0012347507392724889,0.00005769512373987761,0.000000045834693182841675,0.0000000000692003491088878,0.00000000000007589169045948718,0.000000000000000011040079536659756,0.00000000000000000003665378179588821,0.00000000000000000000024384636444544192,0.0000000000000000000000013146126058201395,0.0000000000000000000000000044930564185569875,0.00000000000000006990241693118659,0.0000000000000025858374426076467,0.0011746456589465423,0.000017241658130917178,0.0000009357365942965945,0.00000002130943613685987,0.000038684787692482086,0.0025767201935186267,0.0014140403548673043,0.00199154172260913,0.00008356130522551313,0.0000018711015552397827,0.000000006222448942515162,0.000000000021884923064031994,0.00000000000008000245060458035
@vj_dinucl
$Dim[16]
#
%0.27402420255106635,0.23140736630323497,0.16583819972756553,0.3287302314181332,0.33399027853634,0.35753008426677707,0.05745345091778842,0.2510261862790945,0.3066220396961742,0.08966831533219861,0.32826618120501816,0.2754434637666091,0.3203823476681475,0.17510183983220262,0.19322699923597925,0.3112888132636706
