@v_choice
$Dim[79]
#
%0.027548509429407595,0.011605962063555885,0.0010466125095502132,0.000011382161118284672,0.012020054202928655,0.000011382161118284672,0.000011382161118284672,0.01626449863149957,0.031482384753448917,0.000011382199460699124,0.0019783198231389494,0.006015718986793044,0.03935057583592118,0.0015642276837661772,0.00787913280908236,0.000011382161118284672,0.003427642310943649,0.0909046067534416,0.000011382161118284672,0.0012536585792365994,0.000011382161118284672,0.007568563704671363,0.000011382161118284672,0.000011382161118284672,0.05239403779177367,0.004566915609690231,0.010681448790066425,0.00487696479874835,0.022376341789580312,0.06129701878824649,0.005394579972964316,0.06108997271864403,0.015332791317910837,0.000011382161118284672,0.00011490519596147753,0.000011382161118284672,0.000011382161118284672,0.011605962063555889,0.01626449863149957,0.000011382161118284672,0.057777235603619914,0.1565382108440259,0.00016666671338307404,0.000011382161118284672,0.043180487690729734,0.000011382161118284672,0.00016666671338307404,0.000011382161118284672,0.00016666671338307404,0.00016666671338307404,0.0032205962412572638,0.0057051482727243225,0.06626612446076172,0.014813755749395616,0.0030135501715708767,0.000011382161118286512,0.000011382161118284672,0.015332791317910837,0.016265919025798815,0.03883207979292621,0.01740325201477468,0.00011490519608005932,0.000011382161118284672,0.000011382161118284672,0.000011382161118284672,0.000011382161118284672,0.018952113396747815,0.000011382161118284672,0.000011382161118284672,0.000011382161118284672,0.000011382161118284672,0.000011382161118284672,0.00021123419070539522,0.000011382161118284672,0.000011382161118284672,0.000011382161118284672,0.000011382161118284672,0.015332791317910837,0.00011438528049001768
@j_choice
$Dim[79,9]
#[v_choice,0]
%0.00751107524880932,0.3338511649589309,0.015128762343646587,0.00004590754980551748,0.00004590754980551748,0.5004813405689631,0.00004590754980551748,0.14284402668042814,0.00004590754980551748
#[v_choice,1]
%0.00010896852512292686,0.2927102080778884,0.0001089685251229244,0.0001089685251229244,0.0001089685251229244,0.48353163651493386,0.0001089685251229244,0.22310434425644035,0.0001089685251229244
#[v_choice,2]
%0.0012083598821514196,0.10063485362309296,0.0012083598821514196,0.0012083598821514196,0.0012083598821514196,0.29743177056541104,0.0012083598821514196,0.5946832165185876,0.0012083598821514196
#[v_choice,3]
%0.11111111111111112,0.11111111111111112,0.11111111111111112,0.11111111111111112,0.11111111111111112,0.11111111111111112,0.11111111111111112,0.11111111111111112,0.11111111111111112
#[v_choice,4]
%0.0001052145479003048,0.1543235803854092,0.00871743170098211,0.0001052145479003048,0.0001052145479003048,0.7932650683532109,0.0001052145479003048,0.043167846820896395,0.0001052145479003048
#[v_choice,5]
%0.11111111111111112,0.11111111111111112,0.11111111111111112,0.11111111111111112,0.11111111111111112,0.11111111111111112,0.11111111111111112,0.11111111111111112,0.11111111111111112
#[v_choice,6]
%0.11111111111111112,0.11111111111111112,0.11111111111111112,0.11111111111111112,0.11111111111111112,0.11111111111111112,0.11111111111111112,0.11111111111111112,0.11111111111111112
#[v_choice,7]
%0.012587311190142586,0.2627785900337086,0.00962568803050186,0.0000777573657419094,0.0000777573657419094,0.48756846644606855,0.0000777573657419094,0.22712891483661082,0.0000777573657419094
#[v_choice,8]
%0.003237451560412668,0.2641975273848296,0.013284346539952531,0.000040171180760369494,0.000040171180760369494,0.5579538824219037,0.000040171180760369494,0.16116610736986,0.000040171180760369494
#[v_choice,9]
%0.11111073681892909,0.11111073681892909,0.11111073681892909,0.11111073681892909,0.11111073681892909,0.11111073681892909,0.11111073681892909,0.11111410544856726,0.11111073681892909
#[v_choice,10]
%0.0006392720499012411,0.08715110457243355,0.0006392720499012411,0.0006392720499012411,0.0006392720499012411,0.6467301617192234,0.0006392720499012411,0.26228310140893557,0.0006392720499012411
#[v_choice,11]
%0.00021022999436556052,0.255079414709439,0.00021022999436556052,0.00021022999436556052,0.00021022999436556052,0.5541525339740883,0.00021022999436556052,0.18950667135027924,0.00021022999436556052
#[v_choice,12]
%0.007834654229021028,0.2636299463754091,0.013274294649230299,0.00003213890881728418,0.00003213890881728418,0.5730176669053958,0.00003213890881728418,0.1421148822056746,0.00003213890881728418
#[v_choice,13]
%0.0008085041466938669,0.14937967497959642,0.0008085041466938669,0.0008085041466938669,0.0008085041466938669,0.5140529750937958,0.0008085041466938669,0.3317163250464446,0.0008085041466938669
#[v_choice,14]
%0.00016051062970286293,0.4470119613181723,0.00016051062970286293,0.00016051062970286293,0.00016051062970286293,0.3547811607842804,0.00016051062970286293,0.1972438141193302,0.00016051062970286293
#[v_choice,15]
%0.11111111111111112,0.11111111111111112,0.11111111111111112,0.11111111111111112,0.11111111111111112,0.11111111111111112,0.11111111111111112,0.11111111111111112,0.11111111111111112
#[v_choice,16]
%0.06050547052003253,0.27239601512498257,0.000368966319694606,0.00036896631969457813,0.00036896631969457813,0.4534678941113373,0.00036896631969457813,0.2117857886451747,0.00036896631969457813
#[v_choice,17]
%0.009321186596487637,0.3018316535539998,0.009146519243317571,0.000013912216485666902,0.000013912216485666902,0.5037893174040522,0.0011527202541155063,0.17471686629857042,0.000013912216485666902
#[v_choice,18]
%0.11111111111111112,0.11111111111111112,0.11111111111111112,0.11111111111111112,0.11111111111111112,0.11111111111111112,0.11111111111111112,0.11111111111111112,0.11111111111111112
#[v_choice,19]
%0.0010087950496605,0.5744312929359294,0.0010087950496605,0.0010087950496605,0.0010087950496605,0.08820019353193322,0.0010087950496605,0.3313157432341742,0.0010087950496605
#[v_choice,20]
%0.11111111111111112,0.11111111111111112,0.11111111111111112,0.11111111111111112,0.11111111111111112,0.11111111111111112,0.11111111111111112,0.11111111111111112,0.11111111111111112
#[v_choice,21]
%0.012981873477473692,0.33753060035635846,0.02771115716225811,0.00016709703690777236,0.00016709703690777236,0.5115166507587428,0.00016709703690777236,0.10959133009753591,0.00016709703690777236
#[v_choice,22]
%0.11111111111111112,0.11111111111111112,0.11111111111111112,0.11111111111111112,0.11111111111111112,0.11111111111111112,0.11111111111111112,0.11111111111111112,0.11111111111111112
#[v_choice,23]
%0.11111111111111112,0.11111111111111112,0.11111111111111112,0.11111111111111112,0.11111111111111112,0.11111111111111112,0.11111111111111112,0.11111111111111112,0.11111111111111112
#[v_choice,24]
%0.0077269420326807805,0.2636352163536828,0.005982063841331197,0.00002413794817121088,0.00002413794817121088,0.588125448144686,0.0019999931997174377,0.1324579225833881,0.00002413794817121088
#[v_choice,25]
%0.000276923130792005,0.27057960603917475,0.000276923130792005,0.000276923130792005,0.000276923130792005,0.5008015120618409,0.000276923130792005,0.2269573431142324,0.000276923130792005
#[v_choice,26]
%0.02897244290591263,0.23832554297677852,0.009877106852090561,0.00011840009661184101,0.00011840009661184101,0.664081786868357,0.00011840009661184101,0.05826952001041412,0.00011840009661184101
#[v_choice,27]
%0.00025931796124976594,0.3112051413017233,0.00025931796124976594,0.00025931796124976594,0.00025931796124976594,0.3685755462624239,0.00025931796124976594,0.31866340466835413,0.00025931796124976594
#[v_choice,28]
%0.00005651882602576287,0.29198730912504833,0.00005651882602576287,0.00005651882602576287,0.00005651882602576287,0.6290012496879192,0.00005651882602576287,0.07867232823087794,0.00005651882602576287
#[v_choice,29]
%0.013668523864257926,0.3868864942424512,0.015229563217782963,0.000020632073038775523,0.000020632073038775523,0.3516158621692713,0.000020632073038775523,0.23251702821408132,0.000020632073038775523
#[v_choice,30]
%0.00023443615166267602,0.28751080206438795,0.00023443615166267602,0.00023443615166267602,0.00023443615166267602,0.5765167886809149,0.00023443615166267602,0.13456579234472085,0.00023443615166267602
#[v_choice,31]
%0.004903217852610788,0.346899643706172,0.005139208348687411,0.00002070199923844995,0.00002070199923844995,0.38032273698554214,0.00002070199923844995,0.26265238511003386,0.00002070199923844995
#[v_choice,32]
%0.004527161629126233,0.20187618398078208,0.01349680685936691,0.00008248234404788182,0.00008248234404788182,0.6896986353746103,0.00008248234404788182,0.09007128277992296,0.00008248234404788182
#[v_choice,33]
%0.11111111111111112,0.11111111111111112,0.11111111111111112,0.11111111111111112,0.11111111111111112,0.11111111111111112,0.11111111111111112,0.11111111111111112,0.11111111111111112
#[v_choice,34]
%0.011006330550293724,0.011006330550293724,0.011006330550293724,0.011006330550293724,0.011006330550293724,0.9119493555976501,0.011006330550293724,0.011006330550293724,0.011006330550293724
#[v_choice,35]
%0.11111111111111112,0.11111111111111112,0.11111111111111112,0.11111111111111112,0.11111111111111112,0.11111111111111112,0.11111111111111112,0.11111111111111112,0.11111111111111112
#[v_choice,36]
%0.11111111111111112,0.11111111111111112,0.11111111111111112,0.11111111111111112,0.11111111111111112,0.11111111111111112,0.11111111111111112,0.11111111111111112,0.11111111111111112
#[v_choice,37]
%0.00010896852512292437,0.43535776074463617,0.009029565986454609,0.00010896852512292437,0.00010896852512292437,0.06436903508190142,0.00010896852512292437,0.49069879556139323,0.00010896852512292437
#[v_choice,38]
%0.012587311190142586,0.2627785900337086,0.00962568803050186,0.0000777573657419094,0.0000777573657419094,0.48756846644606855,0.0000777573657419094,0.22712891483661082,0.0000777573657419094
#[v_choice,39]
%0.11111111111111112,0.11111111111111112,0.11111111111111112,0.11111111111111112,0.11111111111111112,0.11111111111111112,0.11111111111111112,0.11111111111111112,0.11111111111111112
#[v_choice,40]
%0.000021888976782735877,0.341099937791452,0.010772937422872634,0.000021888976782735877,0.000021888976782735877,0.5028630977880717,0.000021888976782735877,0.14515458211369003,0.000021888976782735877
#[v_choice,41]
%0.012754272058042556,0.3106985897170872,0.009874186005901158,0.000008079078979370885,0.000008079078979370885,0.38938414857874004,0.000008079078979370885,0.27725648732431163,0.000008079078979370885
#[v_choice,42]
%0.007588105285255675,0.3169425360734824,0.007588105285255675,0.007588105285255675,0.007588105285255675,0.4746562181908847,0.007588105285255675,0.16287261402409905,0.007588105285255675
#[v_choice,43]
%0.11111111111111112,0.11111111111111112,0.11111111111111112,0.11111111111111112,0.11111111111111112,0.11111111111111112,0.11111111111111112,0.11111111111111112,0.11111111111111112
#[v_choice,44]
%0.01732363571791858,0.32076971747169425,0.007226692901094856,0.000029288334531011045,0.000029288334531011045,0.47471414307041915,0.000029288334531011045,0.17984865750074894,0.000029288334531011045
#[v_choice,45]
%0.11111111111111112,0.11111111111111112,0.11111111111111112,0.11111111111111112,0.11111111111111112,0.11111111111111112,0.11111111111111112,0.11111111111111112,0.11111111111111112
#[v_choice,46]
%0.007588105285255675,0.3169425360734824,0.007588105285255675,0.007588105285255675,0.007588105285255675,0.4746562181908847,0.007588105285255675,0.16287261402409905,0.007588105285255675
#[v_choice,47]
%0.11111111111111112,0.11111111111111112,0.11111111111111112,0.11111111111111112,0.11111111111111112,0.11111111111111112,0.11111111111111112,0.11111111111111112,0.11111111111111112
#[v_choice,48]
%0.007588105285255675,0.3169425360734824,0.007588105285255675,0.007588105285255675,0.007588105285255675,0.4746562181908847,0.007588105285255675,0.16287261402409905,0.007588105285255675
#[v_choice,49]
%0.007588105285255675,0.3169425360734824,0.007588105285255675,0.007588105285255675,0.007588105285255675,0.4746562181908847,0.007588105285255675,0.16287261402409905,0.007588105285255675
#[v_choice,50]
%0.00039268646982106226,0.5787344793351072,0.00039268646982106226,0.00039268646982106226,0.00039268646982106226,0.19350830400844057,0.00039268646982106226,0.22540109783752596,0.00039268646982106226
#[v_choice,51]
%0.0002216742682647904,0.38262614105857434,0.0002216742682647904,0.0002216742682647904,0.0002216742682647904,0.5432400944851736,0.0002216742682647904,0.07280371884666327,0.0002216742682647904
#[v_choice,52]
%0.0015548267751364746,0.2715932115512645,0.00473753757342367,0.00001908493335002799,0.00001908493335002799,0.606133863707592,0.00001908493335002799,0.11590422065918332,0.00001908493335002799
#[v_choice,53]
%0.006610497102168436,0.19617176717366402,0.021212433199576324,0.00008537231139037072,0.00008537231139037072,0.7266320091734694,0.00008537231139037072,0.04903180410556057,0.00008537231139037072
#[v_choice,54]
%0.00041966600743171086,0.30880227534446714,0.00041966600743171086,0.00041966600743171086,0.00041966600743171086,0.48214495792674245,0.00041966600743171086,0.20653477068420031,0.00041966600743171086
#[v_choice,55]
%0.11111111111109316,0.11111111111125485,0.11111111111109316,0.11111111111109316,0.11111111111109316,0.11111111111109316,0.11111111111109316,0.11111111111109316,0.11111111111109316
#[v_choice,56]
%0.11111111111111112,0.11111111111111112,0.11111111111111112,0.11111111111111112,0.11111111111111112,0.11111111111111116,0.11111111111111112,0.11111111111111112,0.11111111111111112
#[v_choice,57]
%0.004527161629126233,0.20187618398078208,0.01349680685936691,0.00008248234404788182,0.00008248234404788182,0.6896986353746103,0.00008248234404788182,0.09007128277992296,0.00008248234404788182
#[v_choice,58]
%0.00007775057570939732,0.23443549627228238,0.00641758309157891,0.00007775057570939732,0.00007775057570939732,0.733226044965296,0.00007775057570939732,0.025532122792295837,0.00007775057570939732
#[v_choice,59]
%0.000032568035898213124,0.2825503090015654,0.010687701894239055,0.000032568035898213124,0.000032568035898213124,0.5759571188172498,0.000032568035898213124,0.13064203010745448,0.000032568035898213124
#[v_choice,60]
%0.00007266943946020143,0.17360821068008447,0.006021379347856869,0.00007266943946020143,0.00007266943946020143,0.760449513867577,0.00007266943946020143,0.05955754890718077,0.00007266943946020143
#[v_choice,61]
%0.011006330538935225,0.011006330538935225,0.011006330538935225,0.011006330538935225,0.011006330538935225,0.9119493556885181,0.011006330538935225,0.011006330538935225,0.011006330538935225
#[v_choice,62]
%0.11111111111111112,0.11111111111111112,0.11111111111111112,0.11111111111111112,0.11111111111111112,0.11111111111111112,0.11111111111111112,0.11111111111111112,0.11111111111111112
#[v_choice,63]
%0.11111111111111112,0.11111111111111112,0.11111111111111112,0.11111111111111112,0.11111111111111112,0.11111111111111112,0.11111111111111112,0.11111111111111112,0.11111111111111112
#[v_choice,64]
%0.11111111111111112,0.11111111111111112,0.11111111111111112,0.11111111111111112,0.11111111111111112,0.11111111111111112,0.11111111111111112,0.11111111111111112,0.11111111111111112
#[v_choice,65]
%0.11111111111111112,0.11111111111111112,0.11111111111111112,0.11111111111111112,0.11111111111111112,0.11111111111111112,0.11111111111111112,0.11111111111111112,0.11111111111111112
#[v_choice,66]
%0.02147223706295567,0.3588942613149226,0.011028285412582222,0.00006673052984768005,0.00006673052984768005,0.4880488816444424,0.00006673052984768005,0.12028941244570633,0.00006673052984768005
#[v_choice,67]
%0.11111111111111112,0.11111111111111112,0.11111111111111112,0.11111111111111112,0.11111111111111112,0.11111111111111112,0.11111111111111112,0.11111111111111112,0.11111111111111112
#[v_choice,68]
%0.11111111111111112,0.11111111111111112,0.11111111111111112,0.11111111111111112,0.11111111111111112,0.11111111111111112,0.11111111111111112,0.11111111111111112,0.11111111111111112
#[v_choice,69]
%0.11111111111111112,0.11111111111111112,0.11111111111111112,0.11111111111111112,0.11111111111111112,0.11111111111111112,0.11111111111111112,0.11111111111111112,0.11111111111111112
#[v_choice,70]
%0.11111111111111112,0.11111111111111112,0.11111111111111112,0.11111111111111112,0.11111111111111112,0.11111111111111112,0.11111111111111112,0.11111111111111112,0.11111111111111112
#[v_choice,71]
%0.11111111111111112,0.11111111111111112,0.11111111111111112,0.11111111111111112,0.11111111111111112,0.11111111111111112,0.11111111111111112,0.11111111111111112,0.11111111111111112
#[v_choice,72]
%0.005987120572076949,0.005987120572076949,0.005987120572076949,0.005987120572076949,0.005987120572076949,0.9521030354233846,0.005987120572076949,0.005987120572076949,0.005987120572076949
#[v_choice,73]
%0.11111111111111112,0.11111111111111112,0.11111111111111112,0.11111111111111112,0.11111111111111112,0.11111111111111112,0.11111111111111112,0.11111111111111112,0.11111111111111112
#[v_choice,74]
%0.11111111111111112,0.11111111111111112,0.11111111111111112,0.11111111111111112,0.11111111111111112,0.11111111111111112,0.11111111111111112,0.11111111111111112,0.11111111111111112
#[v_choice,75]
%0.11111111111111112,0.11111111111111112,0.11111111111111112,0.11111111111111112,0.11111111111111112,0.11111111111111112,0.11111111111111112,0.11111111111111112,0.11111111111111112
#[v_choice,76]
%0.11111111111111112,0.11111111111111112,0.11111111111111112,0.11111111111111112,0.11111111111111112,0.11111111111111112,0.11111111111111112,0.11111111111111112,0.11111111111111112
#[v_choice,77]
%0.004527161629126233,0.20187618398078208,0.01349680685936691,0.00008248234404788182,0.00008248234404788182,0.6896986353746103,0.00008248234404788182,0.09007128277992296,0.00008248234404788182
#[v_choice,78]
%0.011056357629937053,0.011056357629937053,0.011056357629937053,0.011056357629937053,0.011056357629937053,0.9115491389605035,0.011056357629937053,0.011056357629937053,0.011056357629937053
@v_3_del
$Dim[79,21]
#[v_choice,0]
%0.000019434574703687804,0.004541729556624537,0.019791462592279832,0.11047499798506535,0.17712108722430964,0.14402779416418884,0.06029503188712088,0.23012295884270223,0.12055433045304369,0.05317285340423301,0.000003072343922499007,0.016158495333425085,0.02634684435333261,0.01627787793610114,0.00000738262924130074,0.00933855335522547,0.004194833139419936,0.0000000015085850241325886,0.0035931645397862737,0.00000021684900176705188,0.003957877327687272
#[v_choice,1]
%0.016723217508060387,0.0000000628589585341925,0.0023322238476840844,0.03628532273719215,0.22022987787356257,0.21665176086989818,0.1678622032182548,0.07912660346890062,0.16649266631424703,0.0000017122777018651086,0.005712072546988535,0.052865895812505025,0.000000000031904633112703074,0.000000000000000000000172766523664088,0.0000000000000000000000005729764664340688,0.01580643647409115,0.010998644196130516,0.000029736611083195762,0.0000000003766370236255816,0.000000000000000000008032575370777666,0.008881562976199653
#[v_choice,2]
%0,0,0,0,0.000000000041963566916615917,0.05691556778732262,0.23861567644617965,0.000000001349897495932554,0.4961442529171811,0.00001789657919025473,0.20830660024520295,0.00000000463306244933178,0.000000000000000000018551147725711336,0.00000000000000000000000000000000274806410480572,0.000000000000000000001187345894764453,0.000000000000000000000000000000021297361221444438,0.00000000000000000000000000000000000000000007502274294857097,0.00000000000000000000000000000000000000000000000000022068274754302293,0.0000000000000000000000000000000000000000000000000000000000000000010002637114129556,0.000000000000000000000000000000000000000000000000000000000000000000000000000004865754577408419,0.00000000000000000000000000000000000000000000000000000000000000000000000000000000000000016954464071179646
#[v_choice,3]
%0.00011561165991667616,0.001773351125589295,0.0002799783498600135,0.03612024356208415,0.09214580101058281,0.18793623057273467,0.004895789393423562,0.1946615052055396,0.050593609749035845,0.1941560351571827,0.03848790744071461,0.030353277553879256,0.0736634351694132,0.009888654194936683,0.06701103000128524,0.0037030912726390857,0.008072765290641859,0.000013037706964967835,0.000000015711994507125617,0.000000000101182627435117,0.006128629770398762
#[v_choice,4]
%0.000031500379320287643,0.023368794237559963,0.021826793562127196,0.14306794313427215,0.05770089288362222,0.2180607619505908,0.0031192589697790845,0.28482108805251904,0.042721105046502804,0.03922833048642765,0.017400697123743637,0.03910895873327592,0.0368597989994688,0.005225884028812511,0.025765796894743585,0.04169239549472646,0.000000000022508021540246634,0.0000000000000000006714183661353421,0.0000000000000000000000000000002315692960288936,0.00000000000000000000000000000000000000000003338545168064266,0.000000000000000000000000000000000000000000000000000009114697092328869
#[v_choice,5]
%0,0,0,0,0,0,0,0,0,0,0,0,0,0,0,0,0,0,0,0,0
#[v_choice,6]
%0,0,0,0,0,0,0,0,0,0,0,0,0,0,0,0,0,0,0,0,0
#[v_choice,7]
%0.00022510261787436235,0.000012731201545784074,0.013081941048218037,0.06020388177969278,0.06651880411309746,0.25444415006296817,0.14614464101553315,0.13239547408588617,0.19915982442074173,0.022265620379160394,0.019317128117192123,0.03343421931276662,0.004152272402618878,0.000000000023402925524831662,0.006646429205134419,0.002877009420156486,0.0038921610201401815,0.0000022707040797723863,0.0011324631143080305,0.0033427184523514087,0.030751157503130996
#[v_choice,8]
%0.00019158567159733536,0.04443922196323644,0.1300988173639607,0.10251656152664905,0.15480955461532425,0.10223577724027522,0.1231550007501139,0.02348143894129198,0.2042919363729521,0.05052193528861947,0.019600250105320093,0.0017244319527099324,0.01332821438879907,0.000000000052405046726594726,0.0000000000000000000012070506491045487,0.000000000000000000000000002701685387401238,0.0000000000000000000000000000000000031352974583837784,0.00000000000000000000000000017064885203102172,0.0026826038432173596,0.008309679648647638,0.018612990274880507
#[v_choice,9]
%0,0.00000000000000003056994428436477,0.000025700293644243715,0.9999739146582728,0.0000003047987234835335,0.00000008024934035306777,0.00000000000001838649633481047,0.000000000000000008570724777963489,0.000000000000000000026816307200314467,0.0000000000000000000001790611640321161,0.000000000000000000008538549575922658,0.000000000000000000000000000004125326294011236,0.00000000000000000000000000000000058977366293729615,0.000000000000000000000000000000000000000013206216122624069,0.000000000000000000000000000000000011317786755451908,0.0000000000000006147332786731977,0.000000000000000000012363581577049191,0.00000000000000000000000000013944540994483276,0.00000000000000000000000000000000000004892705945571065,0.000000000000000000000000000000000000000012325478731393805,0.00000000000000000000000000000000000000000000012987958221863427
#[v_choice,10]
%0,0.000000000000000013323998563493076,0.00000000000000013209478313424988,0.000000000000000033086652833431177,0.0007914625036608215,0.1526741333020262,0.6149404206738301,0.05787863265844534,0.17371535086038808,0.0000000000016491602740941758,0.0000000000000000000010994116802731177,0.000000000000000000000000000005378905886471511,0.000000000000000000000000000000000006400823095330392,0.0000000000000000000000000000000000000000004180246478781702,0.00000000000000000000000000000000000000000000000000012344004547468723,0.00000000000000000000000000000000000000000000000000000000000011089327270407935,0.0000000000000000000000000000000000000000000000000000000000000000000000756543372473544,0.0000000000000000000000000000000000000000000000000000000000000000000000000004152308552789762,0.00000000000000000000000000000000000000000000000000000000000000000000000000000004907463557689548,0.0000000000000000000000000000000000000000000000000000000000000000000000000000000000001097253083313906,0.0000000000000000000000000000000000000000000000000000000000000000000000000000000000000000315247228324144
#[v_choice,11]
%0.016869669211871104,0.00009943620084920782,0.0000000006045040623215214,0.008340069921962128,0.3242123348613534,0.011373543285486228,0.17475841524459643,0.25400909731498056,0.14932814590611151,0.025567919934133654,0.000003112428427568203,0.01819663808607381,0.00000003320998832853742,0.0000000000005709078031482055,0.00000000000000007376509074346591,0.0000000000000000000003613165911599993,0.0000000000000000000000000000014899309204091877,0.000000000000000000011128002310531384,0.017241582132397095,0.0000000016566937748571428,0.0000000000000000000009626352725210618
#[v_choice,12]
%0,0.00000001669230347392107,0.002059895189932631,0.06674856673273383,0.016646853572592116,0.23276991332534852,0.09020408236749684,0.12809614443077924,0.3190063698598786,0.013067801417418496,0.04603561470736221,0.01080932787595826,0.01856418245462796,0.007914297695125213,0.020044216569225715,0.011920385252607826,0.0029368132749136855,0.000009897348294355163,0.000000000000014520791736348095,0.0000000000000000000000065731529520193154,0.013165621233386455
#[v_choice,13]
%0,0,0,0,0,0,0,0,0,0.000000000000000000000009087512078973348,0.0978455204571282,0.2088862646370204,0.13101955063170373,0.3528312209903528,0.07301837454058163,0.0696776484513128,0.00000000001186415269181555,0.00000000000000003063991152232848,0.06672142028001642,0.000000000000019970984324491198,0.0000000000000000000010038463632489487
#[v_choice,14]
%0,0.00000000000000000000000000000009897874359725986,0.04929063108474141,0.03397098901137105,0.041512045161802194,0.20433093608373482,0.10837678895541701,0.1333975732808318,0.17346613359664853,0.04078423290845155,0.1200295621180409,0.01602973298078369,0.00005768766301447264,0.05258517552932123,0.0261684974870315,0.000000014138809781555516,0.000000000000000000043215448461356594,0.0000000000000000000000000000013975056642970273,0.00000000000000000000000000000000000005258331486711213,0.000000000000000000000000000000000000000000000035483521767806925,0.00000000000000000000000000000000029479102306317053
#[v_choice,15]
%0,0,0,0,0,0,0,0,0,0,0,0,0,0,0,0,0,0,0,0,0
#[v_choice,16]
%0,0.00000000000000000000000008552338294092694,0.062082629372510176,0.018871532968295954,0.00000989885767851782,0.00002922831162469258,0.35680173539522786,0.13782203265133472,0.17117053829034995,0.13189280830895403,0.02640939427107651,0.034198439010360605,0.0000000000068249844271098635,0.0000000000000000000023878391500626476,0.030335257242563744,0.000000012222372146819665,0.0000000000000000009910136684412139,0.030376493090301427,0.000000000000524968104839202,0.000000000000000000000024036043710302904,0.000000000000000000000000000008686296228024475
#[v_choice,17]
%0.000000008563506231471754,0.000022347006430160317,0.02906622138978307,0.07318613559301168,0.014965419096130863,0.1159910555121462,0.154290364612853,0.06826907121613311,0.18384798567504873,0.03311785571776585,0.10715529304684271,0.04366240877764427,0.011883899966491673,0.04747154637831524,0.032276165264645884,0.029914635141016985,0.011642289332324524,0.007618558105663278,0.013166746169968883,0.0019186887492845571,0.020533304684993068
#[v_choice,18]
%0,0.004038189900641958,0.00013709237523747446,0.039090721506618145,0.019004319290663776,0.23609636320931032,0.1086673029616386,0.1612176610026438,0.23900592682560984,0.0032097142364516987,0.0416607571071527,0.02329732006953531,0.030843846455092864,0.01416994112919158,0.036792429365430986,0.020538032118466186,0.00000000005669943969872868,0.002274976445753864,0.0019970890720953116,0.0000000000009461474887541774,0.01795831687082011
#[v_choice,19]
%0,0.000000000000000000000000015449845494697294,0.08026400624954258,0.0000005484869335038517,0.030958905980754677,0.29233894400367916,0.02423588365123921,0.1459252459662783,0.0000000005796948211896018,0.11395550695745855,0.31232095735831283,0.0000000007661064557234056,0.0000000000000000001305262819634305,0.0000000000000000000000000000006110823814170117,0.000000000000000000000000000000000001648195566599297,0.0000000000000000000000000000000000000000000008547235811083966,0.000000000000000000000000000000000000000000000000000000004631068666300975,0,0,0,0
#[v_choice,20]
%0,0,0,0,0,0,0,0,0,0,0,0,0,0,0,0,0,0,0,0,0
#[v_choice,21]
%0,0.000006315896538415599,0.012698277683664806,0.07741168026942617,0.23852860590701125,0.12863765093649085,0.24641157578191844,0.09739194214462692,0.0743277052088165,0.04277290923844663,0.013321722986444658,0.00000000018887228966566935,0.0000000000000000000003344262896904524,0.00000000000000000000000012725042515124938,0.027042621107138964,0.000000001341634948085703,0.014049823636929613,0.00000000000003227443350006378,0.0000000000000000000010114463524026438,0.000000000000000000000002279456770602443,0.027399167672007414
#[v_choice,22]
%0,0.004038189900641958,0.00013709237523747446,0.039090721506618145,0.019004319290663776,0.23609636320931032,0.1086673029616386,0.1612176610026438,0.23900592682560984,0.0032097142364516987,0.0416607571071527,0.02329732006953531,0.030843846455092864,0.01416994112919158,0.036792429365430986,0.020538032118466186,0.00000000005669943969872868,0.002274976445753864,0.0019970890720953116,0.0000000000009461474887541774,0.01795831687082011
#[v_choice,23]
%0,0,0.06244447510782911,0.018915470201618663,0,0,0.3586632706186216,0.13731567568259606,0.1708706372641805,0.13147561950790376,0.025564908822706425,0.03380390332927967,0,0,0.030501016274479983,0,0,0.030445023190784275,0,0,0
#[v_choice,24]
%0.0000000000000000000000000000018176744023650958,0.004038189900641951,0.00013709237523747462,0.03909072150661838,0.01900431929066363,0.2360963632093103,0.10866730296163846,0.16121766100264395,0.239005926825608,0.003209714236451707,0.041660757107153286,0.023297320069535346,0.030843846455093197,0.014169941129191593,0.03679242936543135,0.020538032118466405,0.000000000056699458296361326,0.00227497644575388,0.0019970890720953246,0.00000000000094614791809633,0.01795831687082029
#[v_choice,25]
%0,0,0.00036620768342587504,0.03417547736031114,0.002488350497055049,0.04517603878163377,0.22920580396169776,0.05922940746427173,0.35403271886723875,0.1825763203197732,0.00000010796086894287946,0.0005479793363739546,0.09220158774266841,0.00000000002468143845046781,0.00000000000000000011298504723147805,0.0000000000000000000000004993101370277755,0.0000000000000000000000000000000157083711434279,0.0000000000000000000000000000000000000000000034943086345475613,0.000000000000000000000000000000000000000000000000005845066667757332,0.00000000000000000000000000000000000000000000000000000000000006102423742893955,0.000000000000000000000000000000000000000000000000000000000000000000007266848949449972
#[v_choice,26]
%0.00000000000000000000000004973800383485601,0.000008870141058800193,0.012011674453188575,0.06934528681863034,0.002674623929467725,0.3366226892068859,0.07273808027670493,0.21146781170171963,0.22690812675470445,0.004510115955947588,0.016808228982101634,0.00000001855074878597363,0.007843120885964077,0.011200768742836612,0.027175590425376598,0.000007556846535129139,0.000000000002000410607147877,0.00000000000000035224592758455987,0.0000000000000000000000000019971657083657573,0.0006774362733645129,0.00000000005276390622790814
#[v_choice,27]
%0.0013948285138590767,0.000000048039413978166505,0.00044166708851439907,0.14238791702882472,0.11980370652117821,0.0027675479517290415,0.4182775175742856,0.1465846239453297,0.0807139090590226,0.04588651956100107,0.000000000013012036843200286,0.041741714424897464,0.00000000027893191095119056,0.00000000000000008912165638845903,0.0000000000000000000000000025877800646496183,0.00000000000000000000000000000000001224730675914756,0.000000000000000000000000000000000000000000000005500700138734823,0.0000000000000000000000000000000000000000000000000000000000027742861002461507,0.00000000000000000000000000000000000000000000000000000000000000000000006222931229846498,0.00000000000000000000000000000000000000000000000000000000000000000000000000000000034798458473423347,0.00000000000000000000000000000000000000000000000000000000000000000000000000000000000021717706487839244
#[v_choice,28]
%0.009914112617067627,0.034469687409016445,0.008454063980183994,0.18627861858475453,0.08542122995363216,0.2412599262742804,0.005106562748050601,0.06716800142658343,0.2709188490798107,0.03932323344108467,0.004858235843915789,0.0000000005799004554475043,0.008135893733929579,0.010985779272777453,0.00003049344884012309,0.008988168561051247,0.000000000947043974119811,0.004677857586680117,0.000007662576087646452,0.006388557455303304,0.007613064480005864
#[v_choice,29]
%0.0011585666374117729,0.0006604351753291477,0.007548365103529299,0.040640155359425216,0.00889942011051408,0.17429996509770632,0.16382719349147878,0.11505901489561313,0.10408137964110972,0.11544574232962418,0.0740999467511236,0.023929021172834165,0.06572885487294443,0.028007066605736864,0.01183218730832524,0.022253699281750777,0.012526401652300316,0.0029014586848467114,0.0006367612387300745,0.00488111176837942,0.021583252821286838
#[v_choice,30]
%0.00018137165857146057,0.0000002747504222201313,0.13833343353747976,0.04934225557906791,0.01362921214226362,0.037546004784390075,0.0770343714533842,0.49663318002025575,0.11026426924677608,0.000000000030462285962744643,0.01915851997143934,0.0000028011408655301898,0.000000000000013484468670906235,0.057874305101209146,0.0000000005833983310297906,0.0000000000000007386377249920729,0.0000000000000000000000000014742598398610785,0.000000000000000000000000000000000008799214355016982,0.0000000000000000000000000000000000000000000000009939776923174514,0.0000000000000000000000000000000000000000000000000000000015427832368700052,0.00000000000000000000000000000000000000000000000000000000000001385497966221302
#[v_choice,31]
%0.0001246241617438671,0.00010295016218142822,0.042291995568764715,0.05203913918455708,0.0007902480696565196,0.10862750684880723,0.14353366804614057,0.07969394338068206,0.17274215686575237,0.03220023076871925,0.15096127881638383,0.0383632230808243,0.059080764564546154,0.05574298428019608,0.030386671929555704,0.012810096556723714,0.0051443996280692485,0.000022123066311387914,0.004773034892137685,0.0000002043522824799527,0.010568755775964474
#[v_choice,32]
%0.000056651425205396436,0.0010370893490816194,0.034489000581938316,0.037138596326791624,0.1899713727572572,0.15897315791274327,0.09889220637992484,0.04955660909987795,0.2552486942574438,0.0950219567250358,0.00006104791421560306,0.03827076342197577,0.011505703381658893,0.004816193560398224,0.004217185703440813,0.004928377727699786,0.00000000012723634398266545,0.0014953073183862735,0.002715889400323847,0.004048774973179878,0.007555421656184842
#[v_choice,33]
%0.00011561165991667616,0.001773351125589295,0.0002799783498600135,0.03612024356208415,0.09214580101058281,0.18793623057273467,0.004895789393423562,0.1946615052055396,0.050593609749035845,0.1941560351571827,0.03848790744071461,0.030353277553879256,0.0736634351694132,0.009888654194936683,0.06701103000128524,0.0037030912726390857,0.008072765290641859,0.000013037706964967835,0.000000015711994507125617,0.000000000101182627435117,0.006128629770398762
#[v_choice,34]
%0,0,0,0,0,0,0,0,0.00000000000000000000000010605135686227495,0.9999990275105595,0.000000972489385824958,0.00000000000005476260206305958,0.0000000000000000012649355766016007,0.0000000000000000000000000000014367891175624276,0.000000000000000000000000000000000000000025723614148470284,0.00000000000000000000000000000000000000000000004526197304376086,0.00000000000000000000000000000000000000000000000000000000002380257823781925,0,0,0,0
#[v_choice,35]
%0,0,0,0,0,0,0.6896483829544648,0.00000006268996815759369,0.310351554355567,0,0,0,0,0,0,0,0,0,0,0,0
#[v_choice,36]
%0,0,0,0,0,0,0,0,0,0,0,0,0,0,0,0,0,0,0,0,0
#[v_choice,37]
%0,0.003043675354970136,0.015913392099952375,0.02726473362362677,0.1738935422507684,0.20421139467376018,0.08853639402874092,0.15756914222529037,0.12091849008177034,0.05555991082879934,0.08404425440054981,0.017975546985441487,0.00458557702986728,0.01969491961037138,0.000000021323344042401873,0.0000000000007867128565594095,0.000000000000000000000051458080724978814,0.008012129426215032,0.00000021208791801946112,0.00000000008288959085789959,0.018776663884937896
#[v_choice,38]
%0.00022510261787436235,0.000012731201545784074,0.013081941048218037,0.06020388177969278,0.06651880411309746,0.25444415006296817,0.14614464101553315,0.13239547408588617,0.19915982442074173,0.022265620379160394,0.019317128117192123,0.03343421931276662,0.004152272402618878,0.000000000023402925524831662,0.006646429205134419,0.002877009420156486,0.0038921610201401815,0.0000022707040797723863,0.0011324631143080305,0.0033427184523514087,0.030751157503130996
#[v_choice,39]
%0,0,0,0,0,0,0,0,0,0,0,0,0,0,0,0,0,0,0,0,0
#[v_choice,40]
%0.00001415230856922902,0.002952091657133328,0.01729553044751272,0.011636281179422583,0.09918407892289875,0.11012085350481476,0.06588613221318358,0.17860848173879207,0.13878351918257015,0.19695846113375295,0.013990330194448028,0.07277198566311005,0.0265716897559602,0.01312750926728942,0.011725681900355792,0.013071511819726314,0.006262055723040225,0.005964985705806678,0.0000052682167524986225,0.0008358237771522624,0.014233575687708222
#[v_choice,41]
%0.0000034921976854410316,0.0009610648772259831,0.03781363361247101,0.057681022487216585,0.048603336158522,0.08787868046727886,0.16789137559491435,0.09371988307145393,0.231885314538092,0.03486179372679207,0.12205328570829857,0.01060876905182254,0.025531689279561568,0.037374666808234404,0.001697061036029987,0.01068681298139126,0.004083094781842001,0.0000048861062934439625,0.0033905856143738064,0.002005064700994706,0.02126448719950554
#[v_choice,42]
%0,0,0.000000000000000000000000010959551301230388,0.000000000000000000000011586617444674929,0.14192593783624785,0.000006753682975265497,0.07350861397967379,0.6732597931480738,0.0000005748671194645178,0.11129832643092853,0.000000000054981287679974594,0.00000000000000000000014467898306801501,0.0000000000000000000000000000010395585189550682,0.00000000000000000000000000000000000000000008005495967401028,0.00000000000000000000000000000000000000000000000000000055790007706322556,0.00000000000000000000000000000000000000000000000000000000000016417992673659977,0.000000000000000000000000000000000000000000000000000000000000000000000000013992397840497241,0,0,0,0
#[v_choice,43]
%0,0,0,0,0,0,0,0,0,0,0,0,0,0,0,0,0,0,0,0,0
#[v_choice,44]
%0.00000000000000000000000000021270131340468727,0.0002763775422233785,0.03334301374727328,0.034973483477533936,0.009507413994966778,0.2071859861557065,0.18383785037899214,0.04701364256734339,0.31058753727913346,0.06429227815404112,0.018733009806901083,0.011693540963426891,0.02413499755452913,0.005012927866255269,0.015118447597142036,0.004147854217844784,0.002657094324780463,0.0033536306576891065,0.002252481740041528,0.00011469653817799533,0.021763735435997692
#[v_choice,45]
%0.00005405930308868216,0.0010046628345842263,0.03448830344519303,0.037097555912614426,0.1907255741565584,0.1591930680257168,0.098361102531151,0.04896056056055887,0.25591889522979444,0.09489141000363757,0.000019809168391329394,0.0380468977998012,0.01146825919787731,0.004777706773550614,0.0041919839953659215,0.004955971457926402,0,0.0014692427260773202,0.0027142901690846138,0.0040737759561299235,0.007586870752898041
#[v_choice,46]
%0,0,0.000000000000000000000000010959551261028431,0.000000000000000000000011586617439597653,0.14192593783624785,0.000006753682975265497,0.07350861397967379,0.6732597931480738,0.0000005748671194645178,0.11129832643092853,0.000000000054981287679974594,0.0000000000000000000001446789826884945,0.0000000000000000000000000000008765597025461808,0,0,0,0,0,0,0,0
#[v_choice,47]
%0,0,0,0,0,0,0,0,0,0,0,0,0,0,0,0,0,0,0,0,0
#[v_choice,48]
%0,0,0.000000000000000000000000010959551261028431,0.000000000000000000000011586617439597653,0.14192593783624785,0.000006753682975265497,0.07350861397967379,0.6732597931480738,0.0000005748671194645178,0.11129832643092853,0.000000000054981287679974594,0.0000000000000000000001446789826884945,0.0000000000000000000000000000008765597025461808,0,0,0,0,0,0,0,0
#[v_choice,49]
%0,0,0.000000000000000000000000010959551261028431,0.000000000000000000000011586617439597653,0.14192593783624785,0.000006753682975265497,0.07350861397967379,0.6732597931480738,0.0000005748671194645178,0.11129832643092853,0.000000000054981287679974594,0.0000000000000000000001446789826884945,0.0000000000000000000000000000008765597025461808,0,0,0,0,0,0,0,0
#[v_choice,50]
%0.000000000000000000019814332381842572,0.00000000000000000000010723767731266172,0.04583601940209013,0.10155239195833518,0.12300032068964142,0.02257224213434523,0.17778668345537063,0.019985385067437373,0.18706933324069772,0.09344465857502474,0.041862058375621354,0.1868909059275096,0.000000001173925495170441,0.0000000000000011817525568019363,0.00000000000000000000000005036684771109252,0.000000000000000000000000000000047605351906927597,0.0000000000000000000000000000000000000003070482489305934,0.00000000000000000000000000000000000000000000000000009206156074230458,0.00000000000000000000000000000000000000000000000000000000008425320538148757,0.0000000000000000000000000000000000000000000000000000000000000000000027049444368734147,0.0000000000000000000000000000000000000000000000000000000000000000000000001814537881218349
#[v_choice,51]
%0.000000000000000000000000005702774021800146,0.000000000000000000000000929429438825803,0.000000000000000000000003714155064813149,0.10469039643612028,0.17310291970070243,0.20524904363109706,0.11750344488475302,0.27983539107152666,0.08136198166103546,0.000018416600543369805,0.019521924807930684,0.000000029681346525178732,0.018716451523725055,0.0000000000012194450014921496,0.0000000000000000000011567229202818293,0.0000000000000000000000000011083188074628474,0.000000000000000000000000000000000000000954485770678044,0,0.0000000000000000000000000000000000023396702939299362,0,0
#[v_choice,52]
%0.00010155900324449692,0.000022530724691578258,0.020621655901866917,0.02273463046830063,0.002701005420996236,0.19016750516950975,0.16345854046365577,0.11979544249188458,0.1095937601012128,0.10182120544812286,0.07445189454688113,0.07059911037884273,0.059448382802325284,0.0066019820760138985,0.024188504262147064,0.009540143273918781,0.002424649331711501,0.006088146231200191,0.0012104681374804805,0.0011566253285599628,0.013272258437433359
#[v_choice,53]
%0,0.003141404909726465,0.03800024224616165,0.0818044560943502,0.0073164079216355695,0.24919574019027702,0.02601935885568327,0.2357177365120535,0.08973967407780467,0.1562137854294842,0.013606629168311183,0.00041093775974923856,0.02860722654150894,0.0000000024092747249404188,0.005252978451846336,0.009672042408789197,0.0000000035690526602703806,0.000002825292350839531,0.000014199312251768945,0.00001085200376174596,0.05527349684592673
#[v_choice,54]
%0,0,0,0.000000000222454839860894,0.000021321520016947334,0.009904330177211353,0.5176221400948453,0.09777545251556621,0.09496635318640895,0.006702658647054899,0.23852498481943277,0.00000000015610132815074604,0.0000000000000010026774795413577,0.0000000000000000000000000005804443213646263,0.00000000000000000000000000000000000001606542065374538,0,0,0,0.0000000000000000000000000014446328885647004,0.03140058848230069,0.0030821701786058076
#[v_choice,55]
%0,0.0000000000003217493936989253,0.00000000000548370284456413,0.9999994783926952,0.0000005213930571497763,0.0000000001935533806575055,0.0000000000018853922543143087,0.000000000001083701218753977,0.0000000000019065483942171037,0.00000000000003562592411770932,0.0000000000010875311092767209,0.00000000000007861401674936558,0.0000000000016848630150669114,0.00000000000022228993595309107,0.0000000000006486911442799493,0.00000000000006825614546634627,0.000000000001192500249686315,0,0.0000000000024950274258605965,0.0000000000005090094386720567,0.000000000001990672875078672
#[v_choice,56]
%0,0,0,0,0.9267569486119537,0.00013190388897902928,0.07309623224238976,0.000014915254141603162,0.000000000002535968924524669,0,0,0,0,0,0,0,0,0,0,0,0
#[v_choice,57]
%0.000056651425205396436,0.0010370893490816194,0.034489000581938316,0.037138596326791624,0.1899713727572572,0.15897315791274327,0.09889220637992484,0.04955660909987795,0.2552486942574438,0.0950219567250358,0.00006104791421560306,0.03827076342197577,0.011505703381658893,0.004816193560398224,0.004217185703440813,0.004928377727699786,0.00000000012723634398266545,0.0014953073183862735,0.002715889400323847,0.004048774973179878,0.007555421656184842
#[v_choice,58]
%0.000000000000000000000000000012884103327060853,0.00007821177446283822,0.0022961333529429692,0.06580733142630768,0.030234625702198505,0.22485875711803152,0.15587223211320353,0.12698479934688695,0.13265421164908908,0.15945936093977928,0.034746048758566836,0.028885342306394023,0.012668423139091799,0.00000000039077308851749997,0.00000010699815431806796,0.000000000000009947941558244774,0.000000000000000000009852673246449233,0.00000000000000000000005286999684654944,0.00000000000000000000000006130360721107951,0.000000000004064241010529608,0.025454414980043527
#[v_choice,59]
%0,0.0000006986008853488223,0.00003735261259430827,0.045553906124153824,0.04389831003285531,0.21787309932822244,0.09095665674966887,0.12097967298843237,0.33146882338035577,0.013964845754465402,0.024053187998234457,0.013687166204902795,0.02027265864585252,0.03197527242547198,0.00637535745902491,0.01721658173987572,0.003615507238467936,0.007378639716946023,0.00000000000025656763616526793,0.00000000000000000003455582484289143,0.010692262999333249
#[v_choice,60]
%0.00011561165991667622,0.0017733511255893,0.0002799783498600101,0.03612024356208399,0.09214580101058308,0.18793623057273418,0.004895789393423554,0.1946615052055401,0.050593609749035845,0.19415603515718258,0.03848790744071473,0.03035327755387936,0.07366343516941333,0.00988865419493666,0.06701103000128492,0.0037030912726390805,0.008072765290641841,0.000013037706964967905,0.000000015711994507125567,0.0000000001011826274351175,0.006128629770398758
#[v_choice,61]
%0,0,0.00000000000000000000000001556380150326587,0.000000000000000000000000000008439824181312783,0.000000000000000000000000000044811943811785553,0.00000000000000000000000000007370101484203368,0.0000000000000000000000000015564260777938922,0.0000000000000000000000000006204948158691419,0.0000000000000000000000000027080425600449344,0.000000000000000000000000000149985383727378,0.000000000000000000000000007450111671093545,0,0,0.00000000000000000000000016256930977793676,0,0,0,0,0,0,1
#[v_choice,62]
%0,0,0.06244447510782911,0.018915470201618663,0,0,0.3586632706186216,0.13731567568259606,0.1708706372641805,0.13147561950790376,0.025564908822706425,0.03380390332927967,0,0,0.030501016274479983,0,0,0.030445023190784275,0,0,0
#[v_choice,63]
%0,0,0,0,0,0,0,0,0,0,0,0,0,0,0,0,0,0,0,0,0
#[v_choice,64]
%0,0,0,0,0,0,0,0,0,0,0,0,0,0,0,0,0,0,0,0,0
#[v_choice,65]
%0,0,0,0,0,0,0,0,0,0,0,0,0,0,0,0,0,0,0,0,0
#[v_choice,66]
%0.00000003137882716878118,0.04453515320167116,0.0028626422436234854,0.15318625967016636,0.03826344965215164,0.25705349986207715,0.026587969051712304,0.05218166784088857,0.27161988956791117,0.06311974147095015,0.04056667742652242,0.00556394547763484,0.010412145789903824,0.0000004877770741827564,0.000031562287999794,0.015907642259987625,0.007074059541866276,0.000000005165116389172243,0.000000000000005234357905712731,0.01103315207783361,0.000000018256076540934076
#[v_choice,67]
%0,0,0,0,0,0,0,0,0,0,0,0,0,0,0,0,0,0,0,0,0
#[v_choice,68]
%0,0.000007719834916234089,0.02915090281094436,0.07352093196512732,0.014755281074768221,0.1162307087749046,0.15451743096539716,0.06796582687924058,0.18421905811460143,0.03262846156933828,0.10734100461756754,0.04356619437444128,0.011613462033911299,0.047503527778407,0.032258821724718945,0.02993241945022421,0.011494083911492628,0.007569005973245205,0.013204944814081665,0.0018594414025886255,0.020660771930083394
#[v_choice,69]
%0,0,0,0,0,0,0,0,0,0,0,0,0,0,0,0,0,0,0,0,0
#[v_choice,70]
%0,0,0,0,0,0,0,0,0,0,0,0,0,0,0,0,0,0,0,0,0
#[v_choice,71]
%0,0,0,0,0,0,0,0,0,0,0,0,0,0,0,0,0,0,0,0,0
#[v_choice,72]
%0,0.0000000000000000000000000000012253918440964564,0.00000000000000000000000000016239570723521358,0.000000000000000000000000003383891673704749,0.000000000000000000000000000049189079668780515,0.0000000000000000000000000017446475732585346,0.00000000000000000000000000011750066112653382,0.00000000000000000000000000032065686821165397,0.0000000000000000000000000029926400651772747,0.0000000000000000000000000005129255317098994,0.000000000000000000000000000002641501595798572,0,0.0000000000000000000000000010848143272201817,0.0000000000000000000000000019012764997688004,0.00000000000000000000000000011617714623017154,0.00000000000000000000000000034085316858576267,0.0000000009015180560729113,0.0000000000002727857125880364,0.0000000000000000000000016463820647836435,0.9999999212146934,0.0000000778835157880754
#[v_choice,73]
%0,0,0,0,0,0,0,0,0,0,0,0,0,0,0,0,0,0,0,0,0
#[v_choice,74]
%0,0,0.0003230217922002289,0.03431627399531439,0.0021699239831143536,0.04514279844746874,0.2298044953883271,0.05848848005613853,0.3545411416507005,0.18214684224283745,0,0.0004973719962223564,0.09256965044767634,0,0,0,0,0,0,0,0
#[v_choice,75]
%0,0,0,0,0,0,0,0,0,0,0,0,0,0,0,0,0,0,0,0,0
#[v_choice,76]
%0.016826217947766613,0,0.0022047350640385624,0.03605895538269448,0.22093347345921804,0.21696776664832787,0.16761985477726743,0.07843105251335858,0.1667878814266722,0,0.005414321628255698,0.052944912915117985,0,0,0,0.015885325164596575,0.010981746706223287,0,0,0,0.008943756366462632
#[v_choice,77]
%0.000056651425205396436,0.0010370893490816194,0.034489000581938316,0.037138596326791624,0.1899713727572572,0.15897315791274327,0.09889220637992484,0.04955660909987795,0.2552486942574438,0.0950219567250358,0.00006104791421560306,0.03827076342197577,0.011505703381658893,0.004816193560398224,0.004217185703440813,0.004928377727699786,0.00000000012723634398266545,0.0014953073183862735,0.002715889400323847,0.004048774973179878,0.007555421656184842
#[v_choice,78]
%0,0,0.000000000000000000000000000011334035280831428,0.0000000000000000000000000001599310429801584,0,0.000000000000000000000003880711494814685,0.9999986796642163,0.0000013203357560524165,0.000000000000027655029664896833,0.00000000000000000000002301344656381614,0.000000000000000000000000000001725809621201609,0.0000000000000000000000000010143958142244433,0.0000000000000000000000000000003269429432064844,0,0,0,0,0,0,0,0
@j_5_del
$Dim[9,23]
#[j_choice,0]
%0,0,0,0,0,0,0,0,0,0,0,0,0,0,0.000000000000000000000000000000000000000000000000000000000000000000000000000000000000000000000000000234889740658101,0.0000000000000000000000000000000000000000000000000000000000000000000000000000000000000000000019630235884774054,0.000000000000000000000000000000000000000000000000000000000000000000000000000000000000000000000000008762826860401734,0.000000000000000000000000000000000000000000000000000000000000000000005333811807206468,0.000000000000000000000000000000000000000006021641292678252,0.0000000000000000006813230009153551,0.0000000000000000000013647104577782093,0.9999830800296579,0.000016919970342172544
#[j_choice,1]
%0.000000000000025656295392214977,0.0000030295687420233083,0.004801378908083666,0.12073115630742233,0.10110222078512328,0.19830500318351252,0.002686345740693272,0.2937267787469784,0.13104411505384816,0.04461442799134464,0.044359986122849956,0.04034880830460461,0.012866092789351908,0.002025560900999613,0.0011713149145412781,0.000000016945640532062518,0.00004645861185416632,0.00017837233728150068,0.0000000027776770043052217,0.0000000002262812071453677,0.000011804235245092314,0.001975496043232111,0.0000016295046672297656
#[j_choice,2]
%0.000000000000000000000000000000000000000000000000000000000000000000000028887844622606773,0.000000000000000000000017316849227446757,0.0289050368933521,0.021566142802353246,0.1617415533045912,0.1435979108062368,0.025641076557887027,0.00006418105031375157,0.5635584084795405,0.00008986354597323635,0.000000000000047078420656286135,0.050979295895282634,0.000000000007738391781788234,0.0000000000000000005942153201587411,0.0000000000000000000000001288914008583594,0,0,0.000000000000000000008939309389350085,0.0000000000000000000000000001841448663768352,0,0.000000000000000000000003005424250373858,0.003856203369353586,0.0000003272873304345984
#[j_choice,3]
%0,0,0,0,0,0,0,0,0,0,0,0,0,0,0,0,0,0,0,0,0,1,0
#[j_choice,4]
%0,0,0,0,0,0,0,0,0,0,0,0,0,0,0,0,0,0,0,0,0,0,0
#[j_choice,5]
%0.00046961104293936906,0.0018918899875279543,0.03568608106999856,0.047231196829975695,0.20734474160249847,0.07796104617185326,0.1893563235843294,0.1636386999640258,0.1977516465367175,0.02220791301221049,0.0288818424667745,0.017706846237299668,0.006965532874489045,0.0013080500601730487,0.0006305779894988813,0.00000002001581819287398,0.00019853218214675164,0.0003342917437212639,0.000000017034113594217765,0.0000000013073164402151958,0.00004385423696733909,0.0003906644495579831,0.0000006196000468189598
#[j_choice,6]
%0,0,0,0.0000000000000000000000000040768608241803836,0.22208962882326896,0.7778750531014573,0.000035318038533171726,0.00000000003674064455905216,0.0000000000000000000008074579401598137,0.0000000000000000000000000000000000000000050822747700942786,0,0,0,0,0,0,0,0,0,0,0,0,0
#[j_choice,7]
%0.0015834261142045783,0.0015417068441147704,0.0017823730584102322,0.004636394582123037,0.30096660230825845,0.0714483110023043,0.04688252505479284,0.05983515148882839,0.4279227816514389,0.023129854356404887,0.037771160754279075,0.011848515834903126,0.005957074889390982,0.000043805861766872446,0.0013447005887743566,0.0017429747975935726,0.00000002989883514706754,0.0000000000006767241859006353,0.00000000000000000064060220722365885,0.0000000000000000000000000012375167006049426,0.000000003388068206513216,0.0015625903486378187,0.000000017176193746728354
#[j_choice,8]
%0,0,0.4243144720195655,0.057337405859329615,0.01508889124219671,0.08717901936038011,0.0017867630732022104,0,0.3257828389784736,0,0,0.08851060946685227,0,0,0,0,0,0,0,0,0,0,0
@vj_ins
$Dim[41]
#
%0.10322133580988321,0.1107254538762912,0.26739383119696336,0.23987427515234946,0.13132395057227583,0.06121208789467575,0.041611696800199556,0.022439332353256514,0.008591017347248143,0.0025279076051027667,0.0010245027619011063,0.000792752128764784,0.0007010570060803152,0.0008960361845995148,0.0018563058710775978,0.002400851200505364,0.0006840666793151155,0.001351641572161947,0.0004387441193107285,0.00032936728298959796,0.0003922422484120518,0.00010172225071863831,0.00000018976790571468432,0.00000000003726070790506752,0.00010937198128508816,0.000000260297186824364,0.000000000002279159866213277,0.00000000000000000001582405937174177,0.000000000000000000000000001735928791111343,0.0000000000000000000000000000000000049820703958727166,0.0000000000000000000000000000000000000000000001286934227867355,0.000000000000000000000000000000000000000000000000000000008347128299394523,0.000000000000000000000000000000000000000000000000000000000000000000000014197360964942342,0.00000000000000000000000000000000000000000000000000000000000000000000000000000000000000006433097781083523,0.0000000000000000000000000000000000000000000000000000000000000000000000000000000000000000000000012965329534232711,0,0,0,0,0,0
@vj_dinucl
$Dim[16]
#
%0.30386946212172894,0.15004140996970414,0.42221516840910234,0.12387395949946456,0.09080528468438794,0.484490462308361,0.18556055970092103,0.2391436933063301,0.23797228696901954,0.14091411679244942,0.5026073115757257,0.11850628466280545,0.15270650495961488,0.3599223895879864,0.18786359852617554,0.29950750692622313
